reference	start	end	pvalue
chr2:198257160-198257720	1	139	-8.89321883218
chr2:198257160-198257720	143	286	-9.21311879017
chr2:198257160-198257720	288	303	-1.02367986557
chr2:198257160-198257720	305	321	-1.08765985717
chr2:198257160-198257720	323	332	-0.639799915984
chr2:198257160-198257720	334	340	-0.447859941189
chr2:198257160-198257720	345	353	-0.575819924386
chr2:198257160-198257720	355	375	-1.34357982357
chr2:198257160-198257720	377	409	-2.11133972275
chr2:198257160-198257720	411	414	-0.255919966394
chr2:198257160-198257720	416	504	-5.69421925226
chr2:198257887-198260804	2	5	-1.53168241631
chr2:198257887-198260804	7	10	-1.53168241631
chr2:198257887-198260804	12	55	-16.8485065795
chr2:198257887-198260804	57	221	-63.1818996729
chr2:198257887-198260804	223	235	-4.97796785302
chr2:198257887-198260804	237	273	-14.1680623509
chr2:198257887-198260804	277	278	-0.765841208157
chr2:198257887-198260804	283	285	-1.14876181224
chr2:198257887-198260804	289	291	-1.14876181224
chr2:198257887-198260804	297	299	-1.14876181224
chr2:198257887-198260804	307	309	-1.14876181224
chr2:198257887-198260804	313	314	-0.765841208157
chr2:198257887-198260804	326	327	-0.765841208157
chr2:198257887-198260804	382	383	-0.765841208157
chr2:198257887-198260804	388	389	-0.765841208157
chr2:198257887-198260804	393	395	-1.14876181224
chr2:198257887-198260804	404	409	-2.29752362447
chr2:198257887-198260804	413	416	-1.53168241631
chr2:198257887-198260804	425	426	-0.765841208157
chr2:198257887-198260804	428	429	-0.765841208157
chr2:198257887-198260804	433	434	-0.765841208157
chr2:198257887-198260804	441	442	-0.765841208157
chr2:198257887-198260804	444	445	-0.765841208157
chr2:198257887-198260804	471	472	-0.765841208157
chr2:198257887-198260804	514	516	-1.14876181224
chr2:198257887-198260804	529	531	-1.14876181224
chr2:198257887-198260804	533	536	-1.53168241631
chr2:198257887-198260804	538	540	-1.14876181224
chr2:198257887-198260804	542	544	-1.14876181224
chr2:198257887-198260804	546	577	-12.2534593305
chr2:198257887-198260804	579	584	-2.29752362447
chr2:198257887-198260804	590	648	-22.5923156406
chr2:198257887-198260804	650	739	-34.4628543671
chr2:198257887-198260804	741	753	-4.97796785302
chr2:198257887-198260804	757	760	-1.53168241631
chr2:198257887-198260804	764	770	-2.68044422855
chr2:198257887-198260804	787	788	-0.765841208157
chr2:198257887-198260804	790	791	-0.765841208157
chr2:198257887-198260804	793	794	-0.765841208157
chr2:198257887-198260804	798	799	-0.765841208157
chr2:198257887-198260804	801	802	-0.765841208157
chr2:198257887-198260804	804	809	-2.29752362447
chr2:198257887-198260804	813	816	-1.53168241631
chr2:198257887-198260804	819	820	-0.765841208157
chr2:198257887-198260804	825	846	-8.42425328973
chr2:198257887-198260804	848	876	-11.1046975183
chr2:198257887-198260804	880	883	-1.53168241631
chr2:198257887-198260804	903	907	-1.91460302039
chr2:198257887-198260804	914	915	-0.765841208157
chr2:198257887-198260804	921	926	-2.29752362447
chr2:198257887-198260804	933	934	-0.765841208157
chr2:198257887-198260804	958	959	-0.765841208157
chr2:198257887-198260804	964	965	-0.765841208157
chr2:198257887-198260804	968	970	-1.14876181224
chr2:198257887-198260804	973	974	-0.765841208157
chr2:198257887-198260804	976	978	-1.14876181224
chr2:198257887-198260804	980	981	-0.765841208157
chr2:198257887-198260804	984	990	-2.68044422855
chr2:198257887-198260804	992	1026	-13.4022211427
chr2:198257887-198260804	1028	1057	-11.4876181224
chr2:198257887-198260804	1059	1064	-2.29752362447
chr2:198257887-198260804	1066	1072	-2.68044422855
chr2:198257887-198260804	1074	1076	-1.14876181224
chr2:198257887-198260804	1078	1079	-0.765841208157
chr2:198257887-198260804	1081	1083	-1.14876181224
chr2:198257887-198260804	1085	1090	-2.29752362447
chr2:198257887-198260804	1093	1097	-1.91460302039
chr2:198257887-198260804	1099	1103	-1.91460302039
chr2:198257887-198260804	1105	1145	-15.6997447672
chr2:198257887-198260804	1147	1191	-17.2314271835
chr2:198257887-198260804	1193	1259	-25.6556804733
chr2:198257887-198260804	1261	1326	-25.2727598692
chr2:198257887-198260804	1328	1345	-6.89257087341
chr2:198257887-198260804	1347	1362	-6.12672966526
chr2:198257887-198260804	1364	1443	-30.6336483263
chr2:198257887-198260804	1445	1452	-3.06336483263
chr2:198257887-198260804	1487	1490	-1.53168241631
chr2:198257887-198260804	1502	1504	-1.14876181224
chr2:198257887-198260804	1507	1508	-0.765841208157
chr2:198257887-198260804	1527	1539	-4.97796785302
chr2:198257887-198260804	1541	1546	-2.29752362447
chr2:198257887-198260804	1548	1555	-3.06336483263
chr2:198257887-198260804	1557	1571	-5.74380906118
chr2:198257887-198260804	1573	1578	-2.29752362447
chr2:198257887-198260804	1580	1582	-1.14876181224
chr2:198257887-198260804	1584	1586	-1.14876181224
chr2:198257887-198260804	1622	1623	-0.765841208157
chr2:198257887-198260804	1636	1640	-1.91460302039
chr2:198257887-198260804	1644	1648	-1.91460302039
chr2:198257887-198260804	1650	1657	-3.06336483263
chr2:198257887-198260804	1659	1663	-1.91460302039
chr2:198257887-198260804	1665	1666	-0.765841208157
chr2:198257887-198260804	1679	1683	-1.91460302039
chr2:198257887-198260804	1686	1687	-0.765841208157
chr2:198257887-198260804	1690	1707	-6.89257087341
chr2:198257887-198260804	1709	1951	-93.0497067911
chr2:198257887-198260804	1953	1957	-1.91460302039
chr2:198257887-198260804	1959	2007	-18.7631095998
chr2:198257887-198260804	2009	2014	-2.29752362447
chr2:198257887-198260804	2016	2126	-42.5041870527
chr2:198257887-198260804	2128	2130	-1.14876181224
chr2:198257887-198260804	2132	2147	-6.12672966526
chr2:198257887-198260804	2149	2161	-4.97796785302
chr2:198257887-198260804	2163	2178	-6.12672966526
chr2:198257887-198260804	2180	2200	-8.04133268565
chr2:198257887-198260804	2202	2214	-4.97796785302
chr2:198257887-198260804	2216	2241	-9.95593570604
chr2:198257887-198260804	2243	2335	-35.6116161793
chr2:198257887-198260804	2337	2342	-2.29752362447
chr2:198257887-198260804	2344	2357	-5.3608884571
chr2:198257887-198260804	2361	2418	-22.2093950366
chr2:198257887-198260804	2420	2426	-2.68044422855
chr2:198257887-198260804	2428	2505	-29.8678071181
chr2:198257887-198260804	2507	2508	-0.765841208157
chr2:198261027-198262733	1	221	-15.1225587086
chr2:198261027-198262733	223	225	-0.205283602379
chr2:198261027-198262733	227	289	-4.31095564996
chr2:198261027-198262733	291	312	-1.50541308411
chr2:198261027-198262733	314	330	-1.16327374682
chr2:198261027-198262733	332	366	-2.39497536109
chr2:198261027-198262733	368	404	-2.53183109601
chr2:198261027-198262733	406	507	-6.97964248089
chr2:198261027-198262733	509	522	-0.957990144437
chr2:198261027-198262733	524	632	-7.45863755311
chr2:198261027-198262733	634	660	-1.84755242141
chr2:198261027-198262733	662	802	-9.64832931183
chr2:198261027-198262733	804	913	-7.52706542057
chr2:198261027-198262733	915	927	-0.889562276977
chr2:198261027-198262733	929	932	-0.273711469839
chr2:198261027-198262733	934	1015	-5.6110851317
chr2:198261027-198262733	1017	1217	-13.7540013594
chr2:198261027-198262733	1219	1262	-3.01082616823
chr2:198261027-198262733	1264	1270	-0.478995072218
chr2:198261027-198262733	1277	1279	-0.205283602379
chr2:198261027-198262733	1285	1288	-0.273711469839
chr2:198261027-198262733	1291	1294	-0.273711469839
chr2:198261027-198262733	1296	1300	-0.342139337299
chr2:198261027-198262733	1302	1311	-0.684278674598
chr2:198261027-198262733	1313	1346	-2.32654749363
chr2:198261027-198262733	1349	1351	-0.205283602379
chr2:198261027-198262733	1355	1356	-0.13685573492
chr2:198261027-198262733	1368	1369	-0.13685573492
chr2:198261027-198262733	1373	1378	-0.410567204759
chr2:198261027-198262733	1380	1385	-0.410567204759
chr2:198261027-198262733	1387	1389	-0.205283602379
chr2:198261027-198262733	1392	1414	-1.57384095157
chr2:198261027-198262733	1416	1418	-0.205283602379
chr2:198261027-198262733	1420	1425	-0.410567204759
chr2:198261027-198262733	1427	1508	-5.6110851317
chr2:198261027-198262733	1511	1513	-0.205283602379
chr2:198261027-198262733	1516	1520	-0.342139337299
chr2:198261027-198262733	1522	1531	-0.684278674598
chr2:198261027-198262733	1533	1599	-4.5846671198
chr2:198262815-198263209	1	66	-1.02209702532
chr2:198262815-198263209	68	132	-1.00661070675
chr2:198262815-198263209	134	215	-1.26987812236
chr2:198263280-198264803	1	9	-0.415193499879
chr2:198263280-198264803	11	41	-1.43011094403
chr2:198263280-198264803	43	119	-3.55221105452
chr2:198263280-198264803	121	162	-1.9375696661
chr2:198263280-198264803	164	209	-2.12210011049
chr2:198263280-198264803	211	223	-0.59972394427
chr2:198263280-198264803	225	262	-1.75303922171
chr2:198263280-198264803	264	407	-6.64309599807
chr2:198263280-198264803	409	419	-0.507458722075
chr2:198263280-198264803	421	429	-0.415193499879
chr2:198263280-198264803	433	441	-0.415193499879
chr2:198263280-198264803	443	479	-1.70690661062
chr2:198263280-198264803	481	575	-4.38259805428
chr2:198263280-198264803	577	581	-0.230663055489
chr2:198263280-198264803	583	591	-0.415193499879
chr2:198263280-198264803	593	617	-1.15331527744
chr2:198263280-198264803	619	622	-0.184530444391
chr2:198263280-198264803	624	646	-1.06105005525
chr2:198263280-198264803	648	710	-2.90635449916
chr2:198263280-198264803	712	732	-0.968784833052
chr2:198263280-198264803	734	774	-1.89143705501
chr2:198263280-198264803	776	979	-9.41105266393
chr2:198263280-198264803	981	984	-0.184530444391
chr2:198263280-198264803	986	1135	-6.91989166466
chr2:198263280-198264803	1137	1152	-0.738121777563
chr2:198263280-198264803	1154	1223	-3.22928277684
chr2:198263280-198264803	1225	1243	-0.876519610857
chr2:198263280-198264803	1245	1291	-2.16823272159
chr2:198263280-198264803	1293	1308	-0.738121777563
chr2:198263280-198264803	1310	1326	-0.784254388661
chr2:198263280-198264803	1328	1359	-1.47624355513
chr2:198263280-198264803	1362	1408	-2.16823272159
chr2:198264865-198265000	1	2	-0.0592592592593
chr2:198264865-198265000	4	20	-0.503703703704
chr2:198265133-198265463	1	32	-0.731431346688
chr2:198265133-198265463	34	50	-0.388572902928
chr2:198266829-198267304	2	50	-4.46246738893
chr2:198266829-198267304	52	72	-1.91248602383
chr2:198266829-198267304	74	241	-15.2998881906
chr2:198266829-198267304	243	249	-0.637495341275
chr2:198266829-198267304	251	304	-4.91782120412
chr2:198266829-198267304	306	315	-0.910707630393
chr2:198266829-198267304	317	324	-0.728566104314
chr2:198266829-198267304	326	328	-0.273212289118
chr2:198266829-198267304	330	346	-1.54820297167
chr2:198266829-198267304	348	362	-1.36606144559
chr2:198266829-198267304	364	374	-1.00177839343
chr2:198266829-198267304	376	383	-0.728566104314
chr2:198266829-198267304	385	414	-2.73212289118
chr2:198267734-198268333	1	31	-0.466775214992
chr2:198267734-198268333	33	209	-2.66513590495
chr2:198267734-198268333	211	224	-0.210801709996
chr2:198268463-198269824	1	3	-0.982495422871
chr2:198268463-198269824	5	207	-66.4821902809
chr2:198268463-198269824	209	220	-3.92998169148
chr2:198268463-198269824	222	290	-22.597394726
chr2:198268463-198269824	292	407	-37.9898230177
chr2:198268463-198269824	409	447	-12.7724404973
chr2:198268463-198269824	449	455	-2.29248932003
chr2:198268463-198269824	459	460	-0.65499694858
chr2:198268463-198269824	462	550	-29.1473642118
chr2:198268463-198269824	552	553	-0.65499694858
chr2:198268463-198269824	555	556	-0.65499694858
chr2:198268463-198269824	566	569	-1.30999389716
chr2:198268463-198269824	571	574	-1.30999389716
chr2:198268463-198269824	578	581	-1.30999389716
chr2:198268463-198269824	584	587	-1.30999389716
chr2:198268463-198269824	592	605	-4.58497864006
chr2:198268463-198269824	607	610	-1.30999389716
chr2:198268463-198269824	612	615	-1.30999389716
chr2:198268463-198269824	625	627	-0.982495422871
chr2:198268463-198269824	638	639	-0.65499694858
chr2:198268463-198269824	647	648	-0.65499694858
chr2:198268463-198269824	657	667	-3.60248321719
chr2:198268463-198269824	671	673	-0.982495422871
chr2:198268463-198269824	675	685	-3.60248321719
chr2:198268463-198269824	690	691	-0.65499694858
chr2:198268463-198269824	704	710	-2.29248932003
chr2:198268463-198269824	712	733	-7.20496643438
chr2:198268463-198269824	735	753	-6.22247101151
chr2:198268463-198269824	755	757	-0.982495422871
chr2:198268463-198269824	762	765	-1.30999389716
chr2:198268463-198269824	768	769	-0.65499694858
chr2:198268463-198269824	771	776	-1.96499084574
chr2:198268463-198269824	779	792	-4.58497864006
chr2:198268463-198269824	796	799	-1.30999389716
chr2:198268463-198269824	803	814	-3.92998169148
chr2:198268463-198269824	816	910	-31.1123550576
chr2:198268463-198269824	912	1008	-31.7673520061
chr2:198268463-198269824	1010	1060	-16.7024221888
chr2:198268463-198269824	1062	1152	-29.8023611604
chr2:198268463-198269824	1154	1223	-22.9248932003
chr2:198268463-198269824	1227	1247	-6.87746796009
chr2:198270171-198272746	1	18	-1.7666065
chr2:198270171-198272746	20	33	-1.37402727778
chr2:198270171-198272746	35	480	-43.7725832777
chr2:198270171-198272746	482	544	-6.18312274999
chr2:198270171-198272746	546	583	-3.72950261111
chr2:198270171-198272746	585	693	-10.6977838055
chr2:198270171-198272746	695	701	-0.687013638888
chr2:198270171-198272746	712	727	-1.57031688889
chr2:198270171-198272746	732	734	-0.294434416666
chr2:198270171-198272746	739	741	-0.294434416666
chr2:198270171-198272746	745	778	-3.33692338888
chr2:198270171-198272746	780	989	-20.6104091666
chr2:198270171-198272746	991	1010	-1.96289611111
chr2:198270171-198272746	1012	1167	-15.3105896666
chr2:198270171-198272746	1169	1225	-5.59425391666
chr2:198270171-198272746	1227	1326	-9.81448055554
chr2:198270171-198272746	1328	1391	-6.28126755555
chr2:198270171-198272746	1393	1401	-0.883303249999
chr2:198270171-198272746	1403	1498	-9.42190133332
chr2:198270171-198272746	1500	1502	-0.294434416666
chr2:198270171-198272746	1504	1508	-0.490724027777
chr2:198270171-198272746	1519	1521	-0.294434416666
chr2:198270171-198272746	1524	1525	-0.196289611111
chr2:198270171-198272746	1528	1530	-0.294434416666
chr2:198270171-198272746	1538	1539	-0.196289611111
chr2:198270171-198272746	1541	1657	-11.48294225
chr2:198270171-198272746	1659	1751	-9.12746691665
chr2:198270171-198272746	1753	1828	-7.45900522221
chr2:198270171-198272746	1830	1835	-0.588868833333
chr2:198270171-198272746	1837	1875	-3.82764741666
chr2:198270171-198272746	1878	1884	-0.687013638888
chr2:198270171-198272746	1888	1890	-0.294434416666
chr2:198270171-198272746	1895	1897	-0.294434416666
chr2:198270171-198272746	1899	1901	-0.294434416666
chr2:198270171-198272746	1906	1911	-0.588868833333
chr2:198270171-198272746	1914	1919	-0.588868833333
chr2:198270171-198272746	1921	1925	-0.490724027777
chr2:198270171-198272746	1928	1929	-0.196289611111
chr2:198270171-198272746	1940	1943	-0.392579222222
chr2:198270171-198272746	1945	1946	-0.196289611111
chr2:198270171-198272746	1948	1949	-0.196289611111
chr2:198270171-198272746	1951	1953	-0.294434416666
chr2:198270171-198272746	1955	1958	-0.392579222222
chr2:198270171-198272746	1960	1973	-1.37402727778
chr2:198270171-198272746	1975	1983	-0.883303249999
chr2:198270171-198272746	1985	2002	-1.7666065
chr2:198270171-198272746	2004	2020	-1.66846169444
chr2:198270171-198272746	2022	2040	-1.86475130555
chr2:198270171-198272746	2042	2060	-1.86475130555
chr2:198270171-198272746	2065	2066	-0.196289611111
chr2:198270171-198272746	2072	2073	-0.196289611111
chr2:198270171-198272746	2075	2078	-0.392579222222
chr2:198270171-198272746	2082	2088	-0.687013638888
chr2:198270171-198272746	2092	2097	-0.588868833333
chr2:198270171-198272746	2107	2115	-0.883303249999
chr2:198270171-198272746	2117	2118	-0.196289611111
chr2:198270171-198272746	2120	2129	-0.981448055554
chr2:198270171-198272746	2132	2166	-3.43506819444
chr2:198270171-198272746	2168	2191	-2.35547533333
chr2:198270171-198272746	2193	2194	-0.196289611111
chr2:198270171-198272746	2196	2296	-9.9126253611
chr2:198270171-198272746	2298	2458	-15.8013136944
chr2:198272818-198273117	1	6	-0.584700891874
chr2:198272818-198273117	8	43	-3.50820535124
chr2:198272818-198273117	47	157	-10.8169664997
chr2:198272818-198273117	159	195	-3.60565549989
chr2:198273280-198274518	1	34	-7.57130367783
chr2:198273280-198274518	36	171	-30.2852147113
chr2:198273280-198274518	173	175	-0.668056206868
chr2:198273280-198274518	182	202	-4.67639344807
chr2:198273280-198274518	204	212	-2.0041686206
chr2:198273280-198274518	218	220	-0.668056206868
chr2:198273280-198274518	222	229	-1.78148321831
chr2:198273280-198274518	231	236	-1.33611241374
chr2:198273280-198274518	240	242	-0.668056206868
chr2:198273280-198274518	245	249	-1.11342701145
chr2:198273280-198274518	253	263	-2.44953942518
chr2:198273280-198274518	265	275	-2.44953942518
chr2:198273280-198274518	277	282	-1.33611241374
chr2:198273280-198274518	284	292	-2.0041686206
chr2:198273280-198274518	294	320	-6.01250586181
chr2:198273280-198274518	322	328	-1.55879781602
chr2:198273280-198274518	330	504	-38.9699454006
chr2:198273280-198274518	506	561	-12.4703825282
chr2:198273280-198274518	564	576	-2.89491022976
chr2:198273280-198274518	578	585	-1.78148321831
chr2:198273280-198274518	587	600	-3.11759563205
chr2:198273280-198274518	602	606	-1.11342701145
chr2:198273280-198274518	608	609	-0.445370804578
chr2:198273280-198274518	611	613	-0.668056206868
chr2:198273280-198274518	624	632	-2.0041686206
chr2:198273280-198274518	634	643	-2.22685402289
chr2:198273280-198274518	645	649	-1.11342701145
chr2:198273280-198274518	651	652	-0.445370804578
chr2:198273280-198274518	654	659	-1.33611241374
chr2:198273280-198274518	661	663	-0.668056206868
chr2:198273280-198274518	665	668	-0.890741609157
chr2:198273280-198274518	676	677	-0.445370804578
chr2:198273280-198274518	683	685	-0.668056206868
chr2:198273280-198274518	693	700	-1.78148321831
chr2:198273280-198274518	713	714	-0.445370804578
chr2:198273280-198274518	716	717	-0.445370804578
chr2:198273280-198274518	722	728	-1.55879781602
chr2:198273280-198274518	730	732	-0.668056206868
chr2:198273280-198274518	738	739	-0.445370804578
chr2:198273280-198274518	747	748	-0.445370804578
chr2:198273280-198274518	756	757	-0.445370804578
chr2:198273280-198274518	761	763	-0.668056206868
chr2:198273280-198274518	766	769	-0.890741609157
chr2:198273280-198274518	771	775	-1.11342701145
chr2:198273280-198274518	777	787	-2.44953942518
chr2:198273280-198274518	791	798	-1.78148321831
chr2:198273280-198274518	803	804	-0.445370804578
chr2:198273280-198274518	807	814	-1.78148321831
chr2:198273280-198274518	818	826	-2.0041686206
chr2:198273280-198274518	828	835	-1.78148321831
chr2:198273280-198274518	837	838	-0.445370804578
chr2:198273280-198274518	840	1004	-36.7430913777
chr2:198273280-198274518	1006	1102	-21.600484022
chr2:198273280-198274518	1104	1106	-0.668056206868
chr2:198274706-198281489	1	505	-238.870583737
chr2:198274706-198281489	511	515	-2.36505528453
chr2:198274706-198281489	526	527	-0.946022113811
chr2:198274706-198281489	532	533	-0.946022113811
chr2:198274706-198281489	537	550	-6.62215479668
chr2:198274706-198281489	552	554	-1.41903317072
chr2:198274706-198281489	556	557	-0.946022113811
chr2:198274706-198281489	559	565	-3.31107739834
chr2:198274706-198281489	571	572	-0.946022113811
chr2:198274706-198281489	574	579	-2.83806634143
chr2:198274706-198281489	589	590	-0.946022113811
chr2:198274706-198281489	593	594	-0.946022113811
chr2:198274706-198281489	602	605	-1.89204422762
chr2:198274706-198281489	617	618	-0.946022113811
chr2:198274706-198281489	632	635	-1.89204422762
chr2:198274706-198281489	639	641	-1.41903317072
chr2:198274706-198281489	645	664	-9.46022113811
chr2:198274706-198281489	669	671	-1.41903317072
chr2:198274706-198281489	673	679	-3.31107739834
chr2:198274706-198281489	681	690	-4.73011056906
chr2:198274706-198281489	695	696	-0.946022113811
chr2:198274706-198281489	702	703	-0.946022113811
chr2:198274706-198281489	707	709	-1.41903317072
chr2:198274706-198281489	713	715	-1.41903317072
chr2:198274706-198281489	721	722	-0.946022113811
chr2:198274706-198281489	768	769	-0.946022113811
chr2:198274706-198281489	774	784	-5.20312162596
chr2:198274706-198281489	787	793	-3.31107739834
chr2:198274706-198281489	822	984	-77.1008022756
chr2:198274706-198281489	986	1043	-27.4346413005
chr2:198274706-198281489	1045	1046	-0.946022113811
chr2:198274706-198281489	1048	1401	-167.445914145
chr2:198274706-198281489	1403	1405	-1.41903317072
chr2:198274706-198281489	1408	1409	-0.946022113811
chr2:198274706-198281489	1422	1423	-0.946022113811
chr2:198274706-198281489	1428	1430	-1.41903317072
chr2:198274706-198281489	1453	1454	-0.946022113811
chr2:198274706-198281489	1457	1458	-0.946022113811
chr2:198274706-198281489	1466	1467	-0.946022113811
chr2:198274706-198281489	1472	1480	-4.25709951215
chr2:198274706-198281489	1482	1485	-1.89204422762
chr2:198274706-198281489	1487	1510	-11.3522653657
chr2:198274706-198281489	1512	1518	-3.31107739834
chr2:198274706-198281489	1520	1522	-1.41903317072
chr2:198274706-198281489	1524	1543	-9.46022113811
chr2:198274706-198281489	1545	1547	-1.41903317072
chr2:198274706-198281489	1549	1551	-1.41903317072
chr2:198274706-198281489	1600	1603	-1.89204422762
chr2:198274706-198281489	1623	1628	-2.83806634143
chr2:198274706-198281489	1630	1643	-6.62215479668
chr2:198274706-198281489	1645	1649	-2.36505528453
chr2:198274706-198281489	1652	1653	-0.946022113811
chr2:198274706-198281489	1656	1657	-0.946022113811
chr2:198274706-198281489	1659	1667	-4.25709951215
chr2:198274706-198281489	1669	1810	-67.1675700806
chr2:198274706-198281489	1812	1828	-8.04118796739
chr2:198274706-198281489	1840	1855	-7.56817691049
chr2:198274706-198281489	1857	1886	-14.1903317072
chr2:198274706-198281489	1889	1909	-9.93323219502
chr2:198274706-198281489	1916	1974	-27.9076523574
chr2:198274706-198281489	1978	1980	-1.41903317072
chr2:198274706-198281489	1982	1993	-5.67613268287
chr2:198274706-198281489	1995	2009	-7.09516585358
chr2:198274706-198281489	2013	2042	-14.1903317072
chr2:198274706-198281489	2044	2048	-2.36505528453
chr2:198274706-198281489	2053	2057	-2.36505528453
chr2:198274706-198281489	2062	2073	-5.67613268287
chr2:198274706-198281489	2090	2093	-1.89204422762
chr2:198274706-198281489	2095	2097	-1.41903317072
chr2:198274706-198281489	2101	2110	-4.73011056906
chr2:198274706-198281489	2112	2145	-16.0823759348
chr2:198274706-198281489	2148	2193	-21.7585086177
chr2:198274706-198281489	2195	2287	-43.9900282922
chr2:198274706-198281489	2289	2303	-7.09516585358
chr2:198274706-198281489	2305	2355	-24.1235639022
chr2:198274706-198281489	2358	2362	-2.36505528453
chr2:198274706-198281489	2364	2365	-0.946022113811
chr2:198274706-198281489	2369	2379	-5.20312162596
chr2:198274706-198281489	2381	2424	-20.8124865038
chr2:198274706-198281489	2426	2429	-1.89204422762
chr2:198274706-198281489	2431	2435	-2.36505528453
chr2:198274706-198281489	2455	2456	-0.946022113811
chr2:198274706-198281489	2467	2468	-0.946022113811
chr2:198274706-198281489	2497	2500	-1.89204422762
chr2:198274706-198281489	2508	2509	-0.946022113811
chr2:198274706-198281489	2556	2557	-0.946022113811
chr2:198274706-198281489	2561	2562	-0.946022113811
chr2:198274706-198281489	2564	2570	-3.31107739834
chr2:198274706-198281489	2572	2576	-2.36505528453
chr2:198274706-198281489	2578	2579	-0.946022113811
chr2:198274706-198281489	2598	2600	-1.41903317072
chr2:198274706-198281489	2604	2605	-0.946022113811
chr2:198274706-198281489	2607	2610	-1.89204422762
chr2:198274706-198281489	2614	2618	-2.36505528453
chr2:198274706-198281489	2620	2621	-0.946022113811
chr2:198274706-198281489	2624	2625	-0.946022113811
chr2:198274706-198281489	2627	2656	-14.1903317072
chr2:198274706-198281489	2658	2661	-1.89204422762
chr2:198274706-198281489	2669	2672	-1.89204422762
chr2:198274706-198281489	2674	2720	-22.2315196746
chr2:198274706-198281489	2728	2731	-1.89204422762
chr2:198274706-198281489	2733	2735	-1.41903317072
chr2:198274706-198281489	2739	2742	-1.89204422762
chr2:198274706-198281489	2748	2749	-0.946022113811
chr2:198274706-198281489	2754	2756	-1.41903317072
chr2:198274706-198281489	2762	2777	-7.56817691049
chr2:198274706-198281489	2779	2797	-8.98721008121
chr2:198274706-198281489	2799	2841	-20.3394754469
chr2:198274706-198281489	2843	2847	-2.36505528453
chr2:198274706-198281489	2868	2869	-0.946022113811
chr2:198274706-198281489	2883	2884	-0.946022113811
chr2:198274706-198281489	2888	2889	-0.946022113811
chr2:198274706-198281489	2893	2895	-1.41903317072
chr2:198274706-198281489	2897	2898	-0.946022113811
chr2:198274706-198281489	2900	2902	-1.41903317072
chr2:198274706-198281489	2904	2905	-0.946022113811
chr2:198274706-198281489	2918	2919	-0.946022113811
chr2:198274706-198281489	2923	2924	-0.946022113811
chr2:198274706-198281489	2930	2931	-0.946022113811
chr2:198274706-198281489	2938	3133	-92.7101671535
chr2:198274706-198281489	3135	3143	-4.25709951215
chr2:198274706-198281489	3148	3151	-1.89204422762
chr2:198274706-198281489	3155	3158	-1.89204422762
chr2:198274706-198281489	3161	3163	-1.41903317072
chr2:198274706-198281489	3165	3170	-2.83806634143
chr2:198274706-198281489	3179	3181	-1.41903317072
chr2:198274706-198281489	3184	3189	-2.83806634143
chr2:198274706-198281489	3201	3207	-3.31107739834
chr2:198274706-198281489	3210	3211	-0.946022113811
chr2:198274706-198281489	3231	3232	-0.946022113811
chr2:198274706-198281489	3240	3242	-1.41903317072
chr2:198274706-198281489	3259	3260	-0.946022113811
chr2:198274706-198281489	3274	3275	-0.946022113811
chr2:198274706-198281489	3281	3282	-0.946022113811
chr2:198274706-198281489	3290	3294	-2.36505528453
chr2:198274706-198281489	3296	3301	-2.83806634143
chr2:198274706-198281489	3305	3486	-86.0880123568
chr2:198274706-198281489	3488	3638	-71.4246695927
chr2:198274706-198281489	3640	3806	-78.9928465032
chr2:198274706-198281489	3808	3832	-11.8252764226
chr2:198274706-198281489	3834	3883	-23.6505528453
chr2:198274706-198281489	3887	3890	-1.89204422762
chr2:198274706-198281489	3893	3894	-0.946022113811
chr2:198274706-198281489	3929	3931	-1.41903317072
chr2:198274706-198281489	3938	3942	-2.36505528453
chr2:198274706-198281489	3948	3949	-0.946022113811
chr2:198274706-198281489	3951	3952	-0.946022113811
chr2:198274706-198281489	3960	3962	-1.41903317072
chr2:198274706-198281489	3982	3983	-0.946022113811
chr2:198274706-198281489	3989	3990	-0.946022113811
chr2:198274706-198281489	3992	3993	-0.946022113811
chr2:198274706-198281489	3995	4013	-8.98721008121
chr2:198274706-198281489	4015	4016	-0.946022113811
chr2:198274706-198281489	4024	4027	-1.89204422762
chr2:198274706-198281489	4029	4030	-0.946022113811
chr2:198274706-198281489	4032	4034	-1.41903317072
chr2:198274706-198281489	4040	4042	-1.41903317072
chr2:198274706-198281489	4047	4048	-0.946022113811
chr2:198274706-198281489	4054	4056	-1.41903317072
chr2:198274706-198281489	4071	4073	-1.41903317072
chr2:198274706-198281489	4075	4087	-6.14914373977
chr2:198274706-198281489	4089	4095	-3.31107739834
chr2:198274706-198281489	4097	4098	-0.946022113811
chr2:198274706-198281489	4104	4106	-1.41903317072
chr2:198274706-198281489	4123	4124	-0.946022113811
chr2:198274706-198281489	4126	4127	-0.946022113811
chr2:198274706-198281489	4129	4472	-162.715803576
chr2:198274706-198281489	4474	4750	-131.024062763
chr2:198274706-198281489	4752	4918	-78.9928465032
chr2:198274706-198281489	4920	5242	-152.782571381
chr2:198274706-198281489	5244	5315	-34.0567960972
chr2:198274706-198281489	5317	5324	-3.78408845524
chr2:198274706-198281489	5326	5329	-1.89204422762
chr2:198274706-198281489	5343	5345	-1.41903317072
chr2:198274706-198281489	5348	5349	-0.946022113811
chr2:198274706-198281489	5357	5360	-1.89204422762
chr2:198274706-198281489	5364	5365	-0.946022113811
chr2:198274706-198281489	5397	5399	-1.41903317072
chr2:198274706-198281489	5427	5428	-0.946022113811
chr2:198274706-198281489	5436	5438	-1.41903317072
chr2:198274706-198281489	5456	5457	-0.946022113811
chr2:198274706-198281489	5467	5473	-3.31107739834
chr2:198274706-198281489	5475	5480	-2.83806634143
chr2:198274706-198281489	5483	5485	-1.41903317072
chr2:198274706-198281489	5489	5491	-1.41903317072
chr2:198274706-198281489	5493	5494	-0.946022113811
chr2:198274706-198281489	5498	5501	-1.89204422762
chr2:198274706-198281489	5506	5509	-1.89204422762
chr2:198274706-198281489	5513	5514	-0.946022113811
chr2:198274706-198281489	5523	5528	-2.83806634143
chr2:198274706-198281489	5530	5536	-3.31107739834
chr2:198274706-198281489	5538	5712	-82.7769349585
chr2:198274706-198281489	5714	5727	-6.62215479668
chr2:198274706-198281489	5739	5740	-0.946022113811
chr2:198274706-198281489	5745	5746	-0.946022113811
chr2:198274706-198281489	5761	5845	-40.205939837
chr2:198274706-198281489	5847	5877	-14.6633427641
chr2:198274706-198281489	5879	5955	-36.4218513817
chr2:198274706-198281489	5958	5961	-1.89204422762
chr2:198274706-198281489	5966	5972	-3.31107739834
chr2:198274706-198281489	5974	5979	-2.83806634143
chr2:198274706-198281489	5981	6002	-10.4062432519
chr2:198274706-198281489	6004	6202	-94.1292003242
chr2:198274706-198281489	6204	6263	-28.3806634143
chr2:198274706-198281489	6265	6420	-73.7897248773
chr2:198274706-198281489	6422	6519	-46.3550835767
chr2:198281610-198283257	1	21	-10.559036245
chr2:198281610-198283257	23	563	-272.020886121
chr2:198281610-198283257	567	570	-2.01124499905
chr2:198281610-198283257	572	575	-2.01124499905
chr2:198281610-198283257	577	580	-2.01124499905
chr2:198281610-198283257	582	583	-1.00562249952
chr2:198281610-198283257	586	589	-2.01124499905
chr2:198281610-198283257	591	598	-4.0224899981
chr2:198281610-198283257	600	606	-3.51967874834
chr2:198281610-198283257	609	613	-2.51405624881
chr2:198281610-198283257	628	630	-1.50843374929
chr2:198281610-198283257	635	638	-2.01124499905
chr2:198281610-198283257	640	645	-3.01686749857
chr2:198281610-198283257	647	726	-40.224899981
chr2:198281610-198283257	728	734	-3.51967874834
chr2:198281610-198283257	736	746	-5.53092374738
chr2:198281610-198283257	748	760	-6.53654624691
chr2:198281610-198283257	764	769	-3.01686749857
chr2:198281610-198283257	771	775	-2.51405624881
chr2:198281610-198283257	779	791	-6.53654624691
chr2:198281610-198283257	793	851	-29.665863736
chr2:198281610-198283257	853	916	-32.1799199848
chr2:198281610-198283257	918	972	-27.6546187369
chr2:198281610-198283257	974	987	-7.03935749667
chr2:198281610-198283257	989	998	-5.02811249762
chr2:198281610-198283257	1000	1018	-9.55341374548
chr2:198281610-198283257	1020	1066	-23.6321287388
chr2:198281610-198283257	1070	1073	-2.01124499905
chr2:198281610-198283257	1075	1078	-2.01124499905
chr2:198281610-198283257	1088	1090	-1.50843374929
chr2:198281610-198283257	1092	1093	-1.00562249952
chr2:198281610-198283257	1095	1098	-2.01124499905
chr2:198281610-198283257	1100	1104	-2.51405624881
chr2:198281610-198283257	1106	1111	-3.01686749857
chr2:198281610-198283257	1116	1119	-2.01124499905
chr2:198281610-198283257	1171	1174	-2.01124499905
chr2:198281610-198283257	1177	1178	-1.00562249952
chr2:198281610-198283257	1180	1183	-2.01124499905
chr2:198281610-198283257	1185	1186	-1.00562249952
chr2:198281610-198283257	1188	1194	-3.51967874834
chr2:198281610-198283257	1205	1283	-39.7220887312
chr2:198281610-198283257	1285	1286	-1.00562249952
chr2:198281610-198283257	1288	1290	-1.50843374929
chr2:198281610-198283257	1292	1296	-2.51405624881
chr2:198281610-198283257	1299	1307	-4.52530124786
chr2:198281610-198283257	1309	1319	-5.53092374738
chr2:198281610-198283257	1321	1328	-4.0224899981
chr2:198283287-198283545	1	2	-4.41898814624
chr2:198283287-198283545	7	11	-11.0474703656
chr2:198283287-198283545	15	17	-6.62848221936
chr2:198283287-198283545	24	25	-4.41898814624
chr2:198283287-198283545	27	33	-15.4664585118
chr2:198283287-198283545	42	48	-15.4664585118
chr2:198283287-198283545	50	53	-8.83797629248
chr2:198283287-198283545	55	57	-6.62848221936
chr2:198283287-198283545	61	69	-19.8854466581
chr2:198283287-198283545	73	74	-4.41898814624
chr2:198283287-198283545	78	79	-4.41898814624
chr2:198283287-198283545	81	82	-4.41898814624
chr2:198283287-198283545	84	97	-30.9329170237
chr2:198283287-198283545	99	108	-22.0949407312
chr2:198283287-198283545	112	125	-30.9329170237
chr2:198283287-198283545	127	141	-33.1424110968
chr2:198283287-198283545	143	149	-15.4664585118
chr2:198283287-198283545	153	169	-37.561399243
chr2:198283287-198283545	171	176	-13.2569644387
chr2:198283287-198283545	178	179	-4.41898814624
chr2:198283287-198283545	183	186	-8.83797629248
chr2:198283287-198283545	191	193	-6.62848221936
chr2:198283287-198283545	195	197	-6.62848221936
chr2:198283287-198283545	199	202	-8.83797629248
chr2:198283650-198285176	2	10	-9.99642056008
chr2:198283650-198285176	15	18	-4.44285358226
chr2:198283650-198285176	20	29	-11.1071339556
chr2:198283650-198285176	34	43	-11.1071339556
chr2:198283650-198285176	45	47	-3.33214018669
chr2:198283650-198285176	51	54	-4.44285358226
chr2:198283650-198285176	63	69	-7.77499376895
chr2:198283650-198285176	71	77	-7.77499376895
chr2:198283650-198285176	79	83	-5.55356697782
chr2:198283650-198285176	85	90	-6.66428037339
chr2:198283650-198285176	95	108	-15.5499875379
chr2:198283650-198285176	110	113	-4.44285358226
chr2:198283650-198285176	115	116	-2.22142679113
chr2:198283650-198285176	118	129	-13.3285607468
chr2:198283650-198285176	131	140	-11.1071339556
chr2:198283650-198285176	144	154	-12.2178473512
chr2:198283650-198285176	156	157	-2.22142679113
chr2:198283650-198285176	162	172	-12.2178473512
chr2:198283650-198285176	174	184	-12.2178473512
chr2:198283650-198285176	186	187	-2.22142679113
chr2:198283650-198285176	191	193	-3.33214018669
chr2:198283650-198285176	196	204	-9.99642056008
chr2:198283650-198285176	206	212	-7.77499376895
chr2:198283650-198285176	214	226	-14.4392741423
chr2:198283650-198285176	228	234	-7.77499376895
chr2:198283650-198285176	236	237	-2.22142679113
chr2:198283650-198285176	239	240	-2.22142679113
chr2:198283650-198285176	243	259	-18.8821277246
chr2:198283650-198285176	263	267	-5.55356697782
chr2:198283650-198285176	269	279	-12.2178473512
chr2:198283650-198285176	281	303	-25.546408098
chr2:198283650-198285176	305	308	-4.44285358226
chr2:198283650-198285176	310	314	-5.55356697782
chr2:198283650-198285176	317	325	-9.99642056008
chr2:198283650-198285176	332	337	-6.66428037339
chr2:198283650-198285176	339	340	-2.22142679113
chr2:198283650-198285176	345	347	-3.33214018669
chr2:198283650-198285176	349	351	-3.33214018669
chr2:198283650-198285176	358	360	-3.33214018669
chr2:198283650-198285176	364	371	-8.88570716452
chr2:198283650-198285176	376	379	-4.44285358226
chr2:198283650-198285176	381	388	-8.88570716452
chr2:198283650-198285176	391	392	-2.22142679113
chr2:198283650-198285176	394	403	-11.1071339556
chr2:198283650-198285176	408	409	-2.22142679113
chr2:198283650-198285176	415	417	-3.33214018669
chr2:198283650-198285176	422	423	-2.22142679113
chr2:198283650-198285176	425	427	-3.33214018669
chr2:198283650-198285176	429	433	-5.55356697782
chr2:198283650-198285176	435	436	-2.22142679113
chr2:198283650-198285176	450	451	-2.22142679113
chr2:198283650-198285176	455	456	-2.22142679113
chr2:198283650-198285176	459	462	-4.44285358226
chr2:198283650-198285176	464	469	-6.66428037339
chr2:198283650-198285176	471	473	-3.33214018669
chr2:198283650-198285176	476	478	-3.33214018669
chr2:198283650-198285176	482	483	-2.22142679113
chr2:198283650-198285176	485	493	-9.99642056008
chr2:198283650-198285176	497	498	-2.22142679113
chr2:198283650-198285176	501	504	-4.44285358226
chr2:198283650-198285176	506	517	-13.3285607468
chr2:198283650-198285176	519	523	-5.55356697782
chr2:198283650-198285176	526	530	-5.55356697782
chr2:198283650-198285176	532	549	-19.9928411202
chr2:198283650-198285176	555	558	-4.44285358226
chr2:198283650-198285176	560	562	-3.33214018669
chr2:198283650-198285176	587	591	-5.55356697782
chr2:198283650-198285176	597	598	-2.22142679113
chr2:198283650-198285176	600	603	-4.44285358226
chr2:198283650-198285176	605	606	-2.22142679113
chr2:198283650-198285176	608	609	-2.22142679113
chr2:198283650-198285176	611	612	-2.22142679113
chr2:198283650-198285176	626	627	-2.22142679113
chr2:198283650-198285176	630	634	-5.55356697782
chr2:198283650-198285176	636	638	-3.33214018669
chr2:198283650-198285176	640	641	-2.22142679113
chr2:198283650-198285176	654	656	-3.33214018669
chr2:198283650-198285176	660	661	-2.22142679113
chr2:198283650-198285176	663	665	-3.33214018669
chr2:198283650-198285176	668	677	-11.1071339556
chr2:198283650-198285176	682	685	-4.44285358226
chr2:198283650-198285176	690	693	-4.44285358226
chr2:198283650-198285176	703	704	-2.22142679113
chr2:198283650-198285176	708	709	-2.22142679113
chr2:198283650-198285176	712	713	-2.22142679113
chr2:198283650-198285176	720	721	-2.22142679113
chr2:198283650-198285176	724	726	-3.33214018669
chr2:198283650-198285176	731	732	-2.22142679113
chr2:198283650-198285176	737	739	-3.33214018669
chr2:198283650-198285176	742	747	-6.66428037339
chr2:198283650-198285176	750	751	-2.22142679113
chr2:198283650-198285176	758	760	-3.33214018669
chr2:198283650-198285176	768	772	-5.55356697782
chr2:198283650-198285176	774	777	-4.44285358226
chr2:198283650-198285176	779	781	-3.33214018669
chr2:198283650-198285176	783	788	-6.66428037339
chr2:198283650-198285176	790	791	-2.22142679113
chr2:198283650-198285176	794	801	-8.88570716452
chr2:198283650-198285176	805	806	-2.22142679113
chr2:198283650-198285176	810	811	-2.22142679113
chr2:198283650-198285176	843	846	-4.44285358226
chr2:198283650-198285176	849	851	-3.33214018669
chr2:198283650-198285176	856	858	-3.33214018669
chr2:198283650-198285176	861	862	-2.22142679113
chr2:198283650-198285176	869	871	-3.33214018669
chr2:198283650-198285176	901	902	-2.22142679113
chr2:198283650-198285176	909	911	-3.33214018669
chr2:198283650-198285176	914	919	-6.66428037339
chr2:198283650-198285176	922	929	-8.88570716452
chr2:198283650-198285176	931	933	-3.33214018669
chr2:198283650-198285176	936	941	-6.66428037339
chr2:198283650-198285176	948	951	-4.44285358226
chr2:198283650-198285176	955	956	-2.22142679113
chr2:198283650-198285176	958	962	-5.55356697782
chr2:198283650-198285176	966	968	-3.33214018669
chr2:198283650-198285176	970	978	-9.99642056008
chr2:198283650-198285176	980	983	-4.44285358226
chr2:198283650-198285176	988	989	-2.22142679113
chr2:198283650-198285176	997	998	-2.22142679113
chr2:198283650-198285176	1000	1005	-6.66428037339
chr2:198283650-198285176	1010	1011	-2.22142679113
chr2:198283650-198285176	1013	1022	-11.1071339556
chr2:198283650-198285176	1024	1028	-5.55356697782
chr2:198283650-198285176	1030	1032	-3.33214018669
chr2:198283650-198285176	1036	1040	-5.55356697782
chr2:198283650-198285176	1042	1043	-2.22142679113
chr2:198283650-198285176	1048	1049	-2.22142679113
chr2:198283650-198285176	1052	1058	-7.77499376895
chr2:198283650-198285176	1070	1076	-7.77499376895
chr2:198283650-198285176	1078	1079	-2.22142679113
chr2:198283650-198285176	1085	1089	-5.55356697782
chr2:198283650-198285176	1093	1094	-2.22142679113
chr2:198283650-198285176	1097	1104	-8.88570716452
chr2:198283650-198285176	1106	1110	-5.55356697782
chr2:198283650-198285176	1114	1117	-4.44285358226
chr2:198283650-198285176	1123	1125	-3.33214018669
chr2:198283650-198285176	1127	1128	-2.22142679113
chr2:198283650-198285176	1133	1136	-4.44285358226
chr2:198283650-198285176	1138	1139	-2.22142679113
chr2:198283650-198285176	1141	1144	-4.44285358226
chr2:198283650-198285176	1153	1155	-3.33214018669
chr2:198283650-198285176	1157	1158	-2.22142679113
chr2:198283650-198285176	1160	1162	-3.33214018669
chr2:198283650-198285176	1164	1168	-5.55356697782
chr2:198283650-198285176	1172	1173	-2.22142679113
chr2:198283650-198285176	1175	1185	-12.2178473512
chr2:198283650-198285176	1187	1191	-5.55356697782
chr2:198283650-198285176	1196	1199	-4.44285358226
chr2:198283650-198285176	1203	1206	-4.44285358226
chr2:198283650-198285176	1208	1209	-2.22142679113
chr2:198283650-198285176	1211	1212	-2.22142679113
chr2:198283650-198285176	1214	1215	-2.22142679113
chr2:198283650-198285176	1218	1222	-5.55356697782
chr2:198283650-198285176	1226	1227	-2.22142679113
chr2:198283650-198285176	1230	1233	-4.44285358226
chr2:198283650-198285176	1235	1237	-3.33214018669
chr2:198283650-198285176	1239	1240	-2.22142679113
chr2:198283650-198285176	1244	1248	-5.55356697782
chr2:198283650-198285176	1250	1251	-2.22142679113
chr2:198283650-198285176	1253	1257	-5.55356697782
chr2:198283650-198285176	1259	1260	-2.22142679113
chr2:198283650-198285176	1262	1263	-2.22142679113
chr2:198283650-198285176	1265	1266	-2.22142679113
chr2:198283650-198285176	1269	1271	-3.33214018669
chr2:198283650-198285176	1273	1276	-4.44285358226
chr2:198283650-198285176	1279	1280	-2.22142679113
chr2:198283650-198285176	1283	1284	-2.22142679113
chr2:198283650-198285176	1289	1290	-2.22142679113
chr2:198283650-198285176	1293	1294	-2.22142679113
chr2:198283650-198285176	1296	1302	-7.77499376895
chr2:198283650-198285176	1304	1305	-2.22142679113
chr2:198283650-198285176	1307	1309	-3.33214018669
chr2:198283650-198285176	1311	1313	-3.33214018669
chr2:198283650-198285176	1315	1318	-4.44285358226
chr2:198283650-198285176	1321	1325	-5.55356697782
chr2:198283650-198285176	1327	1335	-9.99642056008
chr2:198283650-198285176	1338	1340	-3.33214018669
chr2:198283650-198285176	1342	1343	-2.22142679113
chr2:198283650-198285176	1346	1347	-2.22142679113
chr2:198283650-198285176	1349	1350	-2.22142679113
chr2:198283650-198285176	1352	1353	-2.22142679113
chr2:198283650-198285176	1356	1359	-4.44285358226
chr2:198283650-198285176	1365	1370	-6.66428037339
chr2:198283650-198285176	1372	1383	-13.3285607468
chr2:198283650-198285176	1394	1409	-17.771414329
chr2:198283650-198285176	1412	1416	-5.55356697782
chr2:198283650-198285176	1418	1421	-4.44285358226
chr2:198283650-198285176	1423	1425	-3.33214018669
chr2:198283650-198285176	1428	1436	-9.99642056008
chr2:198283650-198285176	1442	1443	-2.22142679113
chr2:198283650-198285176	1449	1450	-2.22142679113
chr2:198283650-198285176	1452	1457	-6.66428037339
chr2:198283650-198285176	1459	1462	-4.44285358226
chr2:198283650-198285176	1464	1465	-2.22142679113
chr2:198283650-198285176	1467	1468	-2.22142679113
chr2:198285832-198288556	1	372	-103.928093513
chr2:198285832-198288556	374	460	-24.3057638056
chr2:198285832-198288556	462	611	-41.9064893199
chr2:198285832-198288556	613	635	-6.42566169572
chr2:198285832-198288556	637	644	-2.23501276373
chr2:198285832-198288556	664	679	-4.47002552746
chr2:198285832-198288556	682	687	-1.6762595728
chr2:198285832-198288556	693	695	-0.838129786398
chr2:198285832-198288556	697	700	-1.11750638186
chr2:198285832-198288556	702	730	-8.10192126852
chr2:198285832-198288556	732	757	-7.26379148212
chr2:198285832-198288556	759	840	-22.9088808282
chr2:198285832-198288556	842	906	-18.1594787053
chr2:198285832-198288556	908	1164	-71.7997850348
chr2:198285832-198288556	1166	1294	-36.0395808151
chr2:198285832-198288556	1296	1299	-1.11750638186
chr2:198285832-198288556	1301	1319	-5.30815531386
chr2:198285832-198288556	1321	1397	-21.5119978509
chr2:198285832-198288556	1399	1409	-3.07314255013
chr2:198285832-198288556	1411	1481	-19.8357382781
chr2:198285832-198288556	1485	1490	-1.6762595728
chr2:198285832-198288556	1492	1499	-2.23501276373
chr2:198285832-198288556	1529	1530	-0.558753190932
chr2:198285832-198288556	1534	1535	-0.558753190932
chr2:198285832-198288556	1538	1545	-2.23501276373
chr2:198285832-198288556	1547	1551	-1.39688297733
chr2:198285832-198288556	1565	1567	-0.838129786398
chr2:198285832-198288556	1597	1601	-1.39688297733
chr2:198285832-198288556	1603	1609	-1.95563616826
chr2:198285832-198288556	1611	1617	-1.95563616826
chr2:198285832-198288556	1619	1625	-1.95563616826
chr2:198285832-198288556	1635	1636	-0.558753190932
chr2:198285832-198288556	1667	1691	-6.98441488665
chr2:198285832-198288556	1694	1702	-2.5143893592
chr2:198285832-198288556	1704	1710	-1.95563616826
chr2:198285832-198288556	1712	1717	-1.6762595728
chr2:198285832-198288556	1719	1720	-0.558753190932
chr2:198285832-198288556	1723	1985	-73.4760446076
chr2:198285832-198288556	1988	1993	-1.6762595728
chr2:198285832-198288556	1996	1997	-0.558753190932
chr2:198285832-198288556	2003	2004	-0.558753190932
chr2:198285832-198288556	2008	2009	-0.558753190932
chr2:198285832-198288556	2013	2014	-0.558753190932
chr2:198285832-198288556	2017	2019	-0.838129786398
chr2:198285832-198288556	2021	2022	-0.558753190932
chr2:198285832-198288556	2024	2027	-1.11750638186
chr2:198285832-198288556	2030	2053	-6.70503829119
chr2:198285832-198288556	2055	2065	-3.07314255013
chr2:198285832-198288556	2069	2070	-0.558753190932
chr2:198285832-198288556	2094	2096	-0.838129786398
chr2:198285832-198288556	2098	2099	-0.558753190932
chr2:198285832-198288556	2102	2103	-0.558753190932
chr2:198285832-198288556	2106	2108	-0.838129786398
chr2:198285832-198288556	2119	2120	-0.558753190932
chr2:198285832-198288556	2122	2123	-0.558753190932
chr2:198285832-198288556	2125	2131	-1.95563616826
chr2:198285832-198288556	2133	2134	-0.558753190932
chr2:198285832-198288556	2140	2141	-0.558753190932
chr2:198285832-198288556	2143	2144	-0.558753190932
chr2:198285832-198288556	2157	2160	-1.11750638186
chr2:198285832-198288556	2164	2167	-1.11750638186
chr2:198285832-198288556	2169	2170	-0.558753190932
chr2:198285832-198288556	2172	2194	-6.42566169572
chr2:198285832-198288556	2202	2203	-0.558753190932
chr2:198285832-198288556	2216	2217	-0.558753190932
chr2:198285832-198288556	2223	2516	-82.1367190671
chr2:198285832-198288556	2518	2565	-13.4100765824
chr2:198285832-198288556	2567	2598	-8.94005105492
chr2:198285832-198288556	2600	2644	-12.571946796
chr2:198285832-198288556	2646	2671	-7.26379148212
chr2:198288673-198299720	1	26	-7.13046378139
chr2:198288673-198299720	28	218	-52.3814839325
chr2:198288673-198299720	220	273	-14.8094247767
chr2:198288673-198299720	277	312	-9.87294985115
chr2:198288673-198299720	314	318	-1.37124303488
chr2:198288673-198299720	320	376	-15.6321705977
chr2:198288673-198299720	378	387	-2.74248606976
chr2:198288673-198299720	389	486	-26.8763634837
chr2:198288673-198299720	488	498	-3.01673467674
chr2:198288673-198299720	500	501	-0.548497213953
chr2:198288673-198299720	503	509	-1.91974024883
chr2:198288673-198299720	511	928	-114.635917716
chr2:198288673-198299720	930	931	-0.548497213953
chr2:198288673-198299720	937	938	-0.548497213953
chr2:198288673-198299720	941	942	-0.548497213953
chr2:198288673-198299720	949	951	-0.822745820929
chr2:198288673-198299720	954	957	-1.09699442791
chr2:198288673-198299720	962	964	-0.822745820929
chr2:198288673-198299720	966	968	-0.822745820929
chr2:198288673-198299720	970	972	-0.822745820929
chr2:198288673-198299720	976	979	-1.09699442791
chr2:198288673-198299720	981	984	-1.09699442791
chr2:198288673-198299720	986	995	-2.74248606976
chr2:198288673-198299720	997	1002	-1.64549164186
chr2:198288673-198299720	1004	1067	-17.5519108465
chr2:198288673-198299720	1069	1091	-6.30771796046
chr2:198288673-198299720	1093	1103	-3.01673467674
chr2:198288673-198299720	1105	1232	-35.103821693
chr2:198288673-198299720	1247	1248	-0.548497213953
chr2:198288673-198299720	1255	1257	-0.822745820929
chr2:198288673-198299720	1262	1263	-0.548497213953
chr2:198288673-198299720	1268	1271	-1.09699442791
chr2:198288673-198299720	1282	1283	-0.548497213953
chr2:198288673-198299720	1285	1292	-2.19398885581
chr2:198288673-198299720	1294	1295	-0.548497213953
chr2:198288673-198299720	1297	1310	-3.83948049767
chr2:198288673-198299720	1313	1319	-1.91974024883
chr2:198288673-198299720	1324	1325	-0.548497213953
chr2:198288673-198299720	1329	1330	-0.548497213953
chr2:198288673-198299720	1333	1334	-0.548497213953
chr2:198288673-198299720	1395	1398	-1.09699442791
chr2:198288673-198299720	1402	1408	-1.91974024883
chr2:198288673-198299720	1410	1411	-0.548497213953
chr2:198288673-198299720	1413	1415	-0.822745820929
chr2:198288673-198299720	1417	1421	-1.37124303488
chr2:198288673-198299720	1423	1426	-1.09699442791
chr2:198288673-198299720	1429	1431	-0.822745820929
chr2:198288673-198299720	1443	1445	-0.822745820929
chr2:198288673-198299720	1447	1448	-0.548497213953
chr2:198288673-198299720	1454	1455	-0.548497213953
chr2:198288673-198299720	1460	1461	-0.548497213953
chr2:198288673-198299720	1479	1486	-2.19398885581
chr2:198288673-198299720	1488	1575	-24.1338774139
chr2:198288673-198299720	1577	1692	-31.8128384093
chr2:198288673-198299720	1694	1796	-28.2476065186
chr2:198288673-198299720	1798	1804	-1.91974024883
chr2:198288673-198299720	1806	1808	-0.822745820929
chr2:198288673-198299720	1812	1814	-0.822745820929
chr2:198288673-198299720	1818	1824	-1.91974024883
chr2:198288673-198299720	1826	1831	-1.64549164186
chr2:198288673-198299720	1833	1841	-2.46823746279
chr2:198288673-198299720	1843	1844	-0.548497213953
chr2:198288673-198299720	1846	1851	-1.64549164186
chr2:198288673-198299720	1853	1857	-1.37124303488
chr2:198288673-198299720	1860	1863	-1.09699442791
chr2:198288673-198299720	1866	1876	-3.01673467674
chr2:198288673-198299720	1878	1939	-17.0034136325
chr2:198288673-198299720	1941	1954	-3.83948049767
chr2:198288673-198299720	1956	1978	-6.30771796046
chr2:198288673-198299720	1980	2188	-57.3179588581
chr2:198288673-198299720	2190	2349	-43.8797771162
chr2:198288673-198299720	2351	2353	-0.822745820929
chr2:198288673-198299720	2356	2357	-0.548497213953
chr2:198288673-198299720	2359	2362	-1.09699442791
chr2:198288673-198299720	2364	2365	-0.548497213953
chr2:198288673-198299720	2369	2371	-0.822745820929
chr2:198288673-198299720	2380	2381	-0.548497213953
chr2:198288673-198299720	2383	2384	-0.548497213953
chr2:198288673-198299720	2389	2392	-1.09699442791
chr2:198288673-198299720	2394	2396	-0.822745820929
chr2:198288673-198299720	2400	2401	-0.548497213953
chr2:198288673-198299720	2404	2405	-0.548497213953
chr2:198288673-198299720	2426	2427	-0.548497213953
chr2:198288673-198299720	2429	2430	-0.548497213953
chr2:198288673-198299720	2432	2433	-0.548497213953
chr2:198288673-198299720	2435	2436	-0.548497213953
chr2:198288673-198299720	2439	2449	-3.01673467674
chr2:198288673-198299720	2451	2462	-3.29098328372
chr2:198288673-198299720	2464	2471	-2.19398885581
chr2:198288673-198299720	2473	3633	-318.4026327
chr2:198288673-198299720	3635	3772	-37.8463077627
chr2:198288673-198299720	3774	3775	-0.548497213953
chr2:198288673-198299720	3777	3778	-0.548497213953
chr2:198288673-198299720	3780	3782	-0.822745820929
chr2:198288673-198299720	3830	3835	-1.64549164186
chr2:198288673-198299720	3838	3839	-0.548497213953
chr2:198288673-198299720	3857	3858	-0.548497213953
chr2:198288673-198299720	3898	3900	-0.822745820929
chr2:198288673-198299720	3904	3905	-0.548497213953
chr2:198288673-198299720	3909	3914	-1.64549164186
chr2:198288673-198299720	3918	3919	-0.548497213953
chr2:198288673-198299720	3926	3928	-0.822745820929
chr2:198288673-198299720	3930	3933	-1.09699442791
chr2:198288673-198299720	3935	3936	-0.548497213953
chr2:198288673-198299720	3939	3945	-1.91974024883
chr2:198288673-198299720	3947	3950	-1.09699442791
chr2:198288673-198299720	3953	3954	-0.548497213953
chr2:198288673-198299720	3956	3960	-1.37124303488
chr2:198288673-198299720	3962	3969	-2.19398885581
chr2:198288673-198299720	3971	3974	-1.09699442791
chr2:198288673-198299720	3976	3983	-2.19398885581
chr2:198288673-198299720	3991	3997	-1.91974024883
chr2:198288673-198299720	3999	4000	-0.548497213953
chr2:198288673-198299720	4004	4005	-0.548497213953
chr2:198288673-198299720	4009	4012	-1.09699442791
chr2:198288673-198299720	4014	4015	-0.548497213953
chr2:198288673-198299720	4018	4021	-1.09699442791
chr2:198288673-198299720	4023	4255	-63.8999254255
chr2:198288673-198299720	4257	4261	-1.37124303488
chr2:198288673-198299720	4265	4267	-0.822745820929
chr2:198288673-198299720	4274	4275	-0.548497213953
chr2:198288673-198299720	4303	4304	-0.548497213953
chr2:198288673-198299720	4308	4309	-0.548497213953
chr2:198288673-198299720	4311	4337	-7.40471238836
chr2:198288673-198299720	4339	4342	-1.09699442791
chr2:198288673-198299720	4344	4658	-86.3883111976
chr2:198288673-198299720	4664	4667	-1.09699442791
chr2:198288673-198299720	4670	4673	-1.09699442791
chr2:198288673-198299720	4675	4685	-3.01673467674
chr2:198288673-198299720	4687	4710	-6.58196656743
chr2:198288673-198299720	4712	4720	-2.46823746279
chr2:198288673-198299720	4724	4733	-2.74248606976
chr2:198288673-198299720	4735	4738	-1.09699442791
chr2:198288673-198299720	4740	4741	-0.548497213953
chr2:198288673-198299720	4743	4746	-1.09699442791
chr2:198288673-198299720	4753	4763	-3.01673467674
chr2:198288673-198299720	4766	4794	-7.95320960231
chr2:198288673-198299720	4796	4798	-0.822745820929
chr2:198288673-198299720	4800	4801	-0.548497213953
chr2:198288673-198299720	4803	4804	-0.548497213953
chr2:198288673-198299720	4806	4811	-1.64549164186
chr2:198288673-198299720	4826	4827	-0.548497213953
chr2:198288673-198299720	4830	4831	-0.548497213953
chr2:198288673-198299720	4833	4837	-1.37124303488
chr2:198288673-198299720	4840	4841	-0.548497213953
chr2:198288673-198299720	4855	4856	-0.548497213953
chr2:198288673-198299720	4865	4870	-1.64549164186
chr2:198288673-198299720	4872	4875	-1.09699442791
chr2:198288673-198299720	4877	4879	-0.822745820929
chr2:198288673-198299720	4884	4891	-2.19398885581
chr2:198288673-198299720	4896	4897	-0.548497213953
chr2:198288673-198299720	4901	4927	-7.40471238836
chr2:198288673-198299720	4931	4936	-1.64549164186
chr2:198288673-198299720	4938	4942	-1.37124303488
chr2:198288673-198299720	4951	4967	-4.6622263186
chr2:198288673-198299720	4969	4986	-4.93647492557
chr2:198288673-198299720	4989	4990	-0.548497213953
chr2:198288673-198299720	4998	5066	-18.9231538814
chr2:198288673-198299720	5068	5149	-22.4883857721
chr2:198288673-198299720	5151	5330	-49.3647492557
chr2:198288673-198299720	5332	5383	-14.2609275628
chr2:198288673-198299720	5385	5550	-45.5252687581
chr2:198288673-198299720	5571	5574	-1.09699442791
chr2:198288673-198299720	5578	5583	-1.64549164186
chr2:198288673-198299720	5589	5595	-1.91974024883
chr2:198288673-198299720	5601	5605	-1.37124303488
chr2:198288673-198299720	5607	5609	-0.822745820929
chr2:198288673-198299720	5619	5620	-0.548497213953
chr2:198288673-198299720	5647	5650	-1.09699442791
chr2:198288673-198299720	5658	5659	-0.548497213953
chr2:198288673-198299720	5662	5666	-1.37124303488
chr2:198288673-198299720	5669	5672	-1.09699442791
chr2:198288673-198299720	5674	5679	-1.64549164186
chr2:198288673-198299720	5681	5682	-0.548497213953
chr2:198288673-198299720	5684	5693	-2.74248606976
chr2:198288673-198299720	5695	5698	-1.09699442791
chr2:198288673-198299720	5700	5703	-1.09699442791
chr2:198288673-198299720	5706	5710	-1.37124303488
chr2:198288673-198299720	5713	5714	-0.548497213953
chr2:198288673-198299720	5716	5717	-0.548497213953
chr2:198288673-198299720	5721	5733	-3.56523189069
chr2:198288673-198299720	5735	5748	-3.83948049767
chr2:198288673-198299720	5750	5759	-2.74248606976
chr2:198288673-198299720	5761	5766	-1.64549164186
chr2:198288673-198299720	5770	5776	-1.91974024883
chr2:198288673-198299720	5778	5781	-1.09699442791
chr2:198288673-198299720	5783	5790	-2.19398885581
chr2:198288673-198299720	5797	5798	-0.548497213953
chr2:198288673-198299720	5801	5803	-0.822745820929
chr2:198288673-198299720	5810	5812	-0.822745820929
chr2:198288673-198299720	5814	5944	-35.9265675139
chr2:198288673-198299720	5946	5981	-9.87294985115
chr2:198288673-198299720	5983	6475	-135.204563239
chr2:198288673-198299720	6477	6544	-18.6489052744
chr2:198288673-198299720	6546	6551	-1.64549164186
chr2:198288673-198299720	6559	6560	-0.548497213953
chr2:198288673-198299720	6574	6575	-0.548497213953
chr2:198288673-198299720	6577	6578	-0.548497213953
chr2:198288673-198299720	6580	6608	-7.95320960231
chr2:198288673-198299720	6610	6636	-7.40471238836
chr2:198288673-198299720	6638	6640	-0.822745820929
chr2:198288673-198299720	6642	6649	-2.19398885581
chr2:198288673-198299720	6655	6656	-0.548497213953
chr2:198288673-198299720	6658	6662	-1.37124303488
chr2:198288673-198299720	6664	6669	-1.64549164186
chr2:198288673-198299720	6671	6674	-1.09699442791
chr2:198288673-198299720	6679	6692	-3.83948049767
chr2:198288673-198299720	6694	6696	-0.822745820929
chr2:198288673-198299720	6698	6699	-0.548497213953
chr2:198288673-198299720	6701	6739	-10.6956956721
chr2:198288673-198299720	6750	6752	-0.822745820929
chr2:198288673-198299720	6759	6763	-1.37124303488
chr2:198288673-198299720	6765	6775	-3.01673467674
chr2:198288673-198299720	6777	6781	-1.37124303488
chr2:198288673-198299720	6783	6792	-2.74248606976
chr2:198288673-198299720	6796	6800	-1.37124303488
chr2:198288673-198299720	6802	6941	-38.3948049767
chr2:198288673-198299720	6943	7136	-53.2042297534
chr2:198288673-198299720	7138	7139	-0.548497213953
chr2:198288673-198299720	7141	7142	-0.548497213953
chr2:198288673-198299720	7151	7158	-2.19398885581
chr2:198288673-198299720	7160	7161	-0.548497213953
chr2:198288673-198299720	7164	7168	-1.37124303488
chr2:198288673-198299720	7171	7197	-7.40471238836
chr2:198288673-198299720	7199	7219	-5.7592207465
chr2:198288673-198299720	7241	7243	-0.822745820929
chr2:198288673-198299720	7247	7248	-0.548497213953
chr2:198288673-198299720	7252	7258	-1.91974024883
chr2:198288673-198299720	7260	7270	-3.01673467674
chr2:198288673-198299720	7272	7334	-17.2776622395
chr2:198288673-198299720	7337	7342	-1.64549164186
chr2:198288673-198299720	7346	7348	-0.822745820929
chr2:198288673-198299720	7352	7359	-2.19398885581
chr2:198288673-198299720	7363	7373	-3.01673467674
chr2:198288673-198299720	7375	7394	-5.48497213953
chr2:198288673-198299720	7397	7402	-1.64549164186
chr2:198288673-198299720	7408	7413	-1.64549164186
chr2:198288673-198299720	7415	7423	-2.46823746279
chr2:198288673-198299720	7425	7441	-4.6622263186
chr2:198288673-198299720	7443	7463	-5.7592207465
chr2:198288673-198299720	7465	7468	-1.09699442791
chr2:198288673-198299720	7470	7509	-10.9699442791
chr2:198288673-198299720	7511	7950	-120.66938707
chr2:198288673-198299720	7952	7955	-1.09699442791
chr2:198288673-198299720	7957	7960	-1.09699442791
chr2:198288673-198299720	7963	7967	-1.37124303488
chr2:198288673-198299720	7969	8022	-14.8094247767
chr2:198288673-198299720	8024	8055	-8.77595542324
chr2:198288673-198299720	8057	8117	-16.7291650256
chr2:198288673-198299720	8119	8182	-17.5519108465
chr2:198288673-198299720	8184	8596	-113.264674681
chr2:198288673-198299720	8598	8638	-11.244192886
chr2:198288673-198299720	8641	8643	-0.822745820929
chr2:198288673-198299720	8659	8660	-0.548497213953
chr2:198288673-198299720	8666	8667	-0.548497213953
chr2:198288673-198299720	8687	8690	-1.09699442791
chr2:198288673-198299720	8708	8709	-0.548497213953
chr2:198288673-198299720	8716	8720	-1.37124303488
chr2:198288673-198299720	8724	8725	-0.548497213953
chr2:198288673-198299720	8728	8729	-0.548497213953
chr2:198288673-198299720	8731	8744	-3.83948049767
chr2:198288673-198299720	8746	8842	-26.6021148767
chr2:198288673-198299720	8844	8849	-1.64549164186
chr2:198288673-198299720	8851	9107	-70.4818919929
chr2:198288673-198299720	9109	9369	-71.5788864208
chr2:198288673-198299720	9371	9900	-145.351761697
chr2:198288673-198299720	9902	9981	-21.9398885581
chr2:198288673-198299720	9983	10306	-88.8565486603
chr2:198288673-198299720	10308	10586	-76.5153613464
NM_001005526	2	7	-11.7998419257
NM_001005526	9	10	-3.9332806419
NM_001005526	12	14	-5.89992096285
NM_001005526	19	20	-3.9332806419
NM_001005526	26	29	-7.8665612838
NM_001005526	38	39	-3.9332806419
NM_001005526	48	49	-3.9332806419
NM_001005526	65	67	-5.89992096285
NM_001005526	82	85	-7.8665612838
NM_001005526	98	99	-3.9332806419
NM_001005526	110	111	-3.9332806419
NM_001005526	156	158	-5.89992096285
NM_001005526	166	167	-3.9332806419
NM_001005526	267	268	-3.9332806419
NM_001005526	333	334	-3.9332806419
NM_001005526	349	350	-3.9332806419
NM_001005526	423	434	-23.5996838514
NM_001005526	436	438	-5.89992096285
NM_001005526	443	451	-17.6997628885
NM_001005526	454	459	-11.7998419257
NM_001005526	462	463	-3.9332806419
NM_001005526	468	473	-11.7998419257
NM_001005526	476	478	-5.89992096285
NM_001005526	481	484	-7.8665612838
NM_001005526	489	491	-5.89992096285
NM_001005526	493	494	-3.9332806419
NM_001005526	496	497	-3.9332806419
NM_001005526	509	512	-7.8665612838
NM_001005526	515	516	-3.9332806419
NM_001005526	524	526	-5.89992096285
NM_001005526	531	535	-9.83320160474
NM_001005526	540	542	-5.89992096285
NM_001005526	547	549	-5.89992096285
NM_001005526	552	555	-7.8665612838
NM_001005526	557	566	-19.6664032095
NM_012433	2	7	-39.8267476196
NM_012433	9	10	-13.2755825399
NM_012433	12	14	-19.9133738098
NM_012433	19	20	-13.2755825399
NM_012433	26	29	-26.5511650797
NM_012433	38	39	-13.2755825399
NM_012433	48	49	-13.2755825399
NM_012433	65	67	-19.9133738098
NM_012433	82	85	-26.5511650797
NM_012433	98	99	-13.2755825399
NM_012433	110	111	-13.2755825399
NM_012433	156	158	-19.9133738098
NM_012433	166	167	-13.2755825399
NM_012433	267	268	-13.2755825399
NM_012433	333	334	-13.2755825399
NM_012433	349	350	-13.2755825399
NM_012433	453	456	-26.5511650797
NM_012433	502	503	-13.2755825399
NM_012433	512	513	-13.2755825399
NM_012433	524	525	-13.2755825399
NM_012433	538	540	-19.9133738098
NM_012433	580	581	-13.2755825399
NM_012433	600	601	-13.2755825399
NM_012433	631	632	-13.2755825399
NM_012433	680	682	-19.9133738098
NM_012433	738	739	-13.2755825399
NM_012433	783	784	-13.2755825399
NM_012433	882	883	-13.2755825399
NM_012433	994	997	-26.5511650797
NM_012433	1001	1002	-13.2755825399
NM_012433	1036	1037	-13.2755825399
NM_012433	1108	1109	-13.2755825399
NM_012433	1153	1154	-13.2755825399
NM_012433	1175	1176	-13.2755825399
NM_012433	1193	1194	-13.2755825399
NM_012433	1249	1250	-13.2755825399
NM_012433	1267	1268	-13.2755825399
NM_012433	1270	1271	-13.2755825399
NM_012433	1277	1278	-13.2755825399
NM_012433	1301	1302	-13.2755825399
NM_012433	1329	1330	-13.2755825399
NM_012433	1336	1337	-13.2755825399
NM_012433	1347	1348	-13.2755825399
NM_012433	1355	1356	-13.2755825399
NM_012433	1389	1390	-13.2755825399
NM_012433	1410	1411	-13.2755825399
NM_012433	1436	1437	-13.2755825399
NM_012433	1443	1444	-13.2755825399
NM_012433	1446	1447	-13.2755825399
NM_012433	1449	1450	-13.2755825399
NM_012433	1489	1490	-13.2755825399
NM_012433	1517	1518	-13.2755825399
NM_012433	1550	1551	-13.2755825399
NM_012433	1555	1558	-26.5511650797
NM_012433	1572	1575	-26.5511650797
NM_012433	1586	1587	-13.2755825399
NM_012433	1610	1612	-19.9133738098
NM_012433	1745	1746	-13.2755825399
NM_012433	1777	1778	-13.2755825399
NM_012433	1793	1794	-13.2755825399
NM_012433	1796	1797	-13.2755825399
NM_012433	1852	1855	-26.5511650797
NM_012433	1889	1891	-19.9133738098
NM_012433	1902	1903	-13.2755825399
NM_012433	1924	1925	-13.2755825399
NM_012433	1966	1967	-13.2755825399
NM_012433	1994	1995	-13.2755825399
NM_012433	2060	2061	-13.2755825399
NM_012433	2073	2074	-13.2755825399
NM_012433	2100	2101	-13.2755825399
NM_012433	2123	2125	-19.9133738098
NM_012433	2127	2128	-13.2755825399
NM_012433	2172	2173	-13.2755825399
NM_012433	2257	2258	-13.2755825399
NM_012433	2264	2265	-13.2755825399
NM_012433	2301	2302	-13.2755825399
NM_012433	2310	2311	-13.2755825399
NM_012433	2319	2321	-19.9133738098
NM_012433	2328	2329	-13.2755825399
NM_012433	2360	2361	-13.2755825399
NM_012433	2369	2370	-13.2755825399
NM_012433	2445	2446	-13.2755825399
NM_012433	2461	2462	-13.2755825399
NM_012433	2497	2498	-13.2755825399
NM_012433	2516	2517	-13.2755825399
NM_012433	2549	2552	-26.5511650797
NM_012433	2556	2557	-13.2755825399
NM_012433	2575	2576	-13.2755825399
NM_012433	2613	2616	-26.5511650797
NM_012433	2782	2784	-19.9133738098
NM_012433	2793	2795	-19.9133738098
NM_012433	2805	2806	-13.2755825399
NM_012433	2816	2817	-13.2755825399
NM_012433	2918	2919	-13.2755825399
NM_012433	2964	2966	-19.9133738098
NM_012433	3035	3036	-13.2755825399
NM_012433	3038	3039	-13.2755825399
NM_012433	3058	3059	-13.2755825399
NM_012433	3069	3070	-13.2755825399
NM_012433	3103	3104	-13.2755825399
NM_012433	3107	3109	-19.9133738098
NM_012433	3145	3147	-19.9133738098
NM_012433	3306	3308	-19.9133738098
NM_012433	3346	3347	-13.2755825399
NM_012433	3352	3354	-19.9133738098
NM_012433	3398	3399	-13.2755825399
NM_012433	3413	3414	-13.2755825399
NM_012433	3427	3429	-19.9133738098
NM_012433	3441	3443	-19.9133738098
NM_012433	3461	3462	-13.2755825399
NM_012433	3481	3482	-13.2755825399
NM_012433	3519	3520	-13.2755825399
NM_012433	3654	3656	-19.9133738098
NM_012433	3666	3667	-13.2755825399
NM_012433	3751	3753	-19.9133738098
NM_012433	3792	3793	-13.2755825399
NM_012433	3814	3816	-19.9133738098
NM_012433	3833	3834	-13.2755825399
NM_012433	3863	3867	-33.1889563497
NM_012433	3897	3898	-13.2755825399
NM_012433	3907	3908	-13.2755825399
NM_012433	3910	3914	-33.1889563497
NM_012433	3916	3917	-13.2755825399
NM_012433	3919	3922	-26.5511650797
NM_012433	3924	3928	-33.1889563497
NM_012433	3932	3933	-13.2755825399
NM_012433	3943	3944	-13.2755825399
NM_012433	3956	3957	-13.2755825399
NM_012433	3959	3962	-26.5511650797
NM_012433	3967	3970	-26.5511650797
NM_012433	3981	3982	-13.2755825399
NM_012433	3984	3985	-13.2755825399
NM_012433	3987	3990	-26.5511650797
NM_012433	3993	3994	-13.2755825399
NM_012433	3996	3997	-13.2755825399
NM_012433	4003	4004	-13.2755825399
NM_012433	4008	4011	-26.5511650797
NM_012433	4013	4015	-19.9133738098
NM_012433	4020	4022	-19.9133738098
NM_012433	4034	4035	-13.2755825399
NM_012433	4050	4052	-19.9133738098
NM_012433	4070	4072	-19.9133738098
NM_012433	4079	4080	-13.2755825399
NM_012433	4084	4085	-13.2755825399
NM_012433	4088	4089	-13.2755825399
NM_012433	4107	4108	-13.2755825399
NM_012433	4132	4134	-19.9133738098
NM_012433	4146	4155	-66.3779126993
NM_012433	4158	4160	-19.9133738098
NM_012433	4163	4169	-46.4645388895
NM_012433	4180	4182	-19.9133738098
NM_012433	4186	4192	-46.4645388895
NM_012433	4194	4196	-19.9133738098
NM_012433	4198	4200	-19.9133738098
NM_012433	4203	4213	-73.0157039693
NM_012433	4217	4220	-26.5511650797
NM_012433	4222	4228	-46.4645388895
