reference	start	end	pvalue
chr2:198257160-198257720	1	169	-7.05170776965
chr2:198257160-198257720	171	270	-4.17260814772
chr2:198257160-198257720	272	273	-0.0834521629545
chr2:198257160-198257720	275	332	-2.42011272568
chr2:198257160-198257720	335	340	-0.250356488863
chr2:198257160-198257720	342	346	-0.208630407386
chr2:198257160-198257720	348	368	-0.876247711022
chr2:198257160-198257720	370	374	-0.208630407386
chr2:198257160-198257720	376	397	-0.917973792499
chr2:198257160-198257720	399	405	-0.292082570341
chr2:198257160-198257720	407	409	-0.125178244432
chr2:198257160-198257720	411	470	-2.50356488863
chr2:198257160-198257720	472	505	-1.41868677023
chr2:198257887-198260804	1	55	-4.05012177391
chr2:198257887-198260804	57	113	-4.19739892932
chr2:198257887-198260804	115	196	-6.03836337201
chr2:198257887-198260804	198	246	-3.60829030766
chr2:198257887-198260804	248	288	-3.019181686
chr2:198257887-198260804	290	300	-0.810024354781
chr2:198257887-198260804	302	303	-0.147277155415
chr2:198257887-198260804	307	308	-0.147277155415
chr2:198257887-198260804	310	319	-0.736385777074
chr2:198257887-198260804	322	328	-0.515470043952
chr2:198257887-198260804	332	335	-0.29455431083
chr2:198257887-198260804	337	338	-0.147277155415
chr2:198257887-198260804	350	354	-0.368192888537
chr2:198257887-198260804	362	364	-0.220915733122
chr2:198257887-198260804	368	369	-0.147277155415
chr2:198257887-198260804	372	379	-0.589108621659
chr2:198257887-198260804	382	383	-0.147277155415
chr2:198257887-198260804	386	391	-0.441831466244
chr2:198257887-198260804	393	399	-0.515470043952
chr2:198257887-198260804	401	403	-0.220915733122
chr2:198257887-198260804	405	410	-0.441831466244
chr2:198257887-198260804	413	429	-1.25185582103
chr2:198257887-198260804	431	435	-0.368192888537
chr2:198257887-198260804	439	442	-0.29455431083
chr2:198257887-198260804	444	445	-0.147277155415
chr2:198257887-198260804	447	454	-0.589108621659
chr2:198257887-198260804	456	457	-0.147277155415
chr2:198257887-198260804	464	465	-0.147277155415
chr2:198257887-198260804	468	470	-0.220915733122
chr2:198257887-198260804	475	477	-0.220915733122
chr2:198257887-198260804	485	494	-0.736385777074
chr2:198257887-198260804	502	503	-0.147277155415
chr2:198257887-198260804	505	508	-0.29455431083
chr2:198257887-198260804	511	512	-0.147277155415
chr2:198257887-198260804	514	515	-0.147277155415
chr2:198257887-198260804	517	534	-1.32549439873
chr2:198257887-198260804	536	553	-1.32549439873
chr2:198257887-198260804	555	582	-2.06188017581
chr2:198257887-198260804	589	605	-1.25185582103
chr2:198257887-198260804	607	712	-7.80568923698
chr2:198257887-198260804	714	749	-2.65098879747
chr2:198257887-198260804	751	769	-1.39913297644
chr2:198257887-198260804	771	774	-0.29455431083
chr2:198257887-198260804	781	784	-0.29455431083
chr2:198257887-198260804	786	791	-0.441831466244
chr2:198257887-198260804	793	795	-0.220915733122
chr2:198257887-198260804	797	801	-0.368192888537
chr2:198257887-198260804	804	811	-0.589108621659
chr2:198257887-198260804	813	818	-0.441831466244
chr2:198257887-198260804	820	872	-3.90284461849
chr2:198257887-198260804	878	887	-0.736385777074
chr2:198257887-198260804	889	890	-0.147277155415
chr2:198257887-198260804	894	895	-0.147277155415
chr2:198257887-198260804	907	910	-0.29455431083
chr2:198257887-198260804	912	921	-0.736385777074
chr2:198257887-198260804	923	926	-0.29455431083
chr2:198257887-198260804	929	939	-0.810024354781
chr2:198257887-198260804	941	942	-0.147277155415
chr2:198257887-198260804	951	956	-0.441831466244
chr2:198257887-198260804	958	966	-0.662747199367
chr2:198257887-198260804	968	969	-0.147277155415
chr2:198257887-198260804	971	975	-0.368192888537
chr2:198257887-198260804	977	978	-0.147277155415
chr2:198257887-198260804	985	991	-0.515470043952
chr2:198257887-198260804	993	1056	-4.71286897327
chr2:198257887-198260804	1058	1123	-4.86014612869
chr2:198257887-198260804	1125	1177	-3.90284461849
chr2:198257887-198260804	1179	1450	-20.0296931364
chr2:198257887-198260804	1453	1458	-0.441831466244
chr2:198257887-198260804	1467	1473	-0.515470043952
chr2:198257887-198260804	1477	1481	-0.368192888537
chr2:198257887-198260804	1484	1495	-0.883662932489
chr2:198257887-198260804	1497	1499	-0.220915733122
chr2:198257887-198260804	1502	1505	-0.29455431083
chr2:198257887-198260804	1517	1519	-0.220915733122
chr2:198257887-198260804	1523	1586	-4.71286897327
chr2:198257887-198260804	1589	1591	-0.220915733122
chr2:198257887-198260804	1603	1605	-0.220915733122
chr2:198257887-198260804	1609	1611	-0.220915733122
chr2:198257887-198260804	1623	1626	-0.29455431083
chr2:198257887-198260804	1629	1630	-0.147277155415
chr2:198257887-198260804	1634	1649	-1.17821724332
chr2:198257887-198260804	1651	1655	-0.368192888537
chr2:198257887-198260804	1657	1670	-1.0309400879
chr2:198257887-198260804	1672	1681	-0.736385777074
chr2:198257887-198260804	1683	1696	-1.0309400879
chr2:198257887-198260804	1698	1724	-1.9882415981
chr2:198257887-198260804	1726	1794	-5.08106186181
chr2:198257887-198260804	1796	1952	-11.5612567001
chr2:198257887-198260804	1954	2009	-4.12376035161
chr2:198257887-198260804	2011	2012	-0.147277155415
chr2:198257887-198260804	2014	2222	-15.3904627408
chr2:198257887-198260804	2224	2297	-5.44925475035
chr2:198257887-198260804	2299	2383	-6.25927910513
chr2:198257887-198260804	2385	2441	-4.19739892932
chr2:198257887-198260804	2443	2461	-1.39913297644
chr2:198257887-198260804	2463	2595	-9.79393083508
chr2:198257887-198260804	2597	2690	-6.9220263045
chr2:198257887-198260804	2692	2809	-8.68935216947
chr2:198261027-198262733	1	984	-7.84462387344
chr2:198261027-198262733	986	1221	-1.88143418103
chr2:198261027-198262733	1223	1282	-0.478330723991
chr2:198261027-198262733	1284	1294	-0.0876939660649
chr2:198261027-198262733	1296	1352	-0.454414187791
chr2:198261027-198262733	1355	1356	-0.0159443574664
chr2:198261027-198262733	1358	1360	-0.0239165361995
chr2:198261027-198262733	1367	1369	-0.0239165361995
chr2:198261027-198262733	1371	1511	-1.12407720138
chr2:198262815-198263209	1	297	-3.06629107595
chr2:198263280-198264803	1	198	-1.94664493386
chr2:198263280-198264803	200	422	-2.19243343561
chr2:198263280-198264803	424	425	-0.01966308014
chr2:198263280-198264803	427	446	-0.1966308014
chr2:198263280-198264803	448	457	-0.0983154007
chr2:198263280-198264803	459	460	-0.01966308014
chr2:198263280-198264803	462	594	-1.30759482931
chr2:198263280-198264803	596	907	-3.06744050184
chr2:198263280-198264803	909	931	-0.22612542161
chr2:198263280-198264803	933	964	-0.31460928224
chr2:198263280-198264803	966	1155	-1.8679926133
chr2:198263280-198264803	1157	1223	-0.65871318469
chr2:198263280-198264803	1225	1436	-2.08428649484
chr2:198264865-198265000	1	34	-0.251851851852
chr2:198265133-198265463	1	54	-2.05715066256
chr2:198265133-198265463	56	121	-2.51429525424
chr2:198265133-198265463	123	125	-0.11428614792
chr2:198265133-198265463	127	192	-2.51429525424
chr2:198265635-198266148	1	141	-1.35360651464
chr2:198265635-198266148	143	249	-1.02720494373
chr2:198265635-198266148	251	388	-1.32480637603
chr2:198266829-198267304	1	27	-0.78685139266
chr2:198266829-198267304	29	114	-2.50626739884
chr2:198266829-198267304	116	134	-0.553710239279
chr2:198266829-198267304	136	183	-1.39884692028
chr2:198266829-198267304	185	190	-0.174855865035
chr2:198266829-198267304	192	220	-0.845136681005
chr2:198266829-198267304	222	265	-1.28227634359
chr2:198266829-198267304	267	403	-3.99254225164
chr2:198267734-198268333	1	347	-2.61243547745
chr2:198267734-198268333	349	419	-0.534532907491
chr2:198267734-198268333	421	462	-0.316202564995
chr2:198268463-198269824	1	14	-1.03933661654
chr2:198268463-198269824	16	167	-11.2842261224
chr2:198268463-198269824	169	186	-1.33628993555
chr2:198268463-198269824	188	350	-12.1008477497
chr2:198268463-198269824	352	459	-8.0177396133
chr2:198268463-198269824	461	557	-7.20111798602
chr2:198268463-198269824	560	561	-0.148476659506
chr2:198268463-198269824	563	573	-0.816621627281
chr2:198268463-198269824	579	582	-0.296953319011
chr2:198268463-198269824	584	590	-0.51966830827
chr2:198268463-198269824	593	619	-2.00443490333
chr2:198268463-198269824	623	630	-0.593906638023
chr2:198268463-198269824	632	633	-0.148476659506
chr2:198268463-198269824	635	636	-0.148476659506
chr2:198268463-198269824	638	639	-0.148476659506
chr2:198268463-198269824	644	648	-0.371191648764
chr2:198268463-198269824	652	654	-0.222714989258
chr2:198268463-198269824	656	673	-1.33628993555
chr2:198268463-198269824	675	683	-0.668144967775
chr2:198268463-198269824	685	690	-0.445429978517
chr2:198268463-198269824	697	698	-0.148476659506
chr2:198268463-198269824	703	710	-0.593906638023
chr2:198268463-198269824	712	723	-0.890859957034
chr2:198268463-198269824	725	734	-0.742383297528
chr2:198268463-198269824	736	748	-0.965098286787
chr2:198268463-198269824	750	752	-0.222714989258
chr2:198268463-198269824	755	758	-0.296953319011
chr2:198268463-198269824	760	776	-1.2620516058
chr2:198268463-198269824	778	794	-1.2620516058
chr2:198268463-198269824	796	798	-0.222714989258
chr2:198268463-198269824	800	815	-1.18781327605
chr2:198268463-198269824	817	887	-5.27092141245
chr2:198268463-198269824	889	962	-5.49363640171
chr2:198268463-198269824	964	1027	-4.75125310418
chr2:198268463-198269824	1029	1042	-1.03933661654
chr2:198268463-198269824	1044	1225	-13.511376015
chr2:198270171-198272746	1	82	-1.62339090391
chr2:198270171-198272746	84	567	-9.58196582307
chr2:198270171-198272746	569	706	-2.73204810658
chr2:198270171-198272746	710	712	-0.059392350143
chr2:198270171-198272746	714	734	-0.415746451001
chr2:198270171-198272746	738	891	-3.04880730734
chr2:198270171-198272746	893	1494	-11.9180649287
chr2:198270171-198272746	1498	1510	-0.25736685062
chr2:198270171-198272746	1512	1515	-0.0791898001906
chr2:198270171-198272746	1521	1524	-0.0791898001906
chr2:198270171-198272746	1528	1530	-0.059392350143
chr2:198270171-198272746	1532	1536	-0.0989872502383
chr2:198270171-198272746	1538	1539	-0.0395949000953
chr2:198270171-198272746	1541	1899	-7.10728456711
chr2:198270171-198272746	1901	1907	-0.138582150334
chr2:198270171-198272746	1909	1910	-0.0395949000953
chr2:198270171-198272746	1912	1928	-0.33655665081
chr2:198270171-198272746	1930	1932	-0.059392350143
chr2:198270171-198272746	1934	1946	-0.25736685062
chr2:198270171-198272746	1950	1954	-0.0989872502383
chr2:198270171-198272746	1956	2097	-2.81123790677
chr2:198270171-198272746	2100	2103	-0.0791898001906
chr2:198270171-198272746	2107	2118	-0.237569400572
chr2:198270171-198272746	2120	2194	-1.48480875357
chr2:198273280-198274518	1	201	-10.2695566692
chr2:198273280-198274518	203	207	-0.255461608687
chr2:198273280-198274518	209	291	-4.2406627042
chr2:198273280-198274518	293	322	-1.53276965212
chr2:198273280-198274518	324	533	-10.7293875648
chr2:198273280-198274518	535	562	-1.43058500865
chr2:198273280-198274518	564	566	-0.153276965212
chr2:198273280-198274518	568	607	-2.04369286949
chr2:198273280-198274518	609	660	-2.65680073034
chr2:198273280-198274518	665	669	-0.255461608687
chr2:198273280-198274518	671	672	-0.102184643475
chr2:198273280-198274518	674	677	-0.204369286949
chr2:198273280-198274518	679	686	-0.408738573899
chr2:198273280-198274518	690	695	-0.306553930424
chr2:198273280-198274518	697	703	-0.357646252161
chr2:198273280-198274518	706	707	-0.102184643475
chr2:198273280-198274518	710	712	-0.153276965212
chr2:198273280-198274518	716	717	-0.102184643475
chr2:198273280-198274518	722	725	-0.204369286949
chr2:198273280-198274518	729	736	-0.408738573899
chr2:198273280-198274518	738	742	-0.255461608687
chr2:198273280-198274518	745	748	-0.204369286949
chr2:198273280-198274518	754	757	-0.204369286949
chr2:198273280-198274518	759	795	-1.89041590428
chr2:198273280-198274518	797	799	-0.153276965212
chr2:198273280-198274518	801	818	-0.919661791272
chr2:198273280-198274518	820	881	-3.16772394772
chr2:198273280-198274518	883	919	-1.89041590428
chr2:198273280-198274518	921	1135	-10.9848491735
chr2:198274706-198281489	1	504	-43.4990090637
chr2:198274706-198281489	507	509	-0.258922672998
chr2:198274706-198281489	511	515	-0.431537788331
chr2:198274706-198281489	521	522	-0.172615115332
chr2:198274706-198281489	526	527	-0.172615115332
chr2:198274706-198281489	529	535	-0.604152903663
chr2:198274706-198281489	539	560	-1.89876626865
chr2:198274706-198281489	562	565	-0.345230230665
chr2:198274706-198281489	567	575	-0.776768018995
chr2:198274706-198281489	577	582	-0.517845345997
chr2:198274706-198281489	586	589	-0.345230230665
chr2:198274706-198281489	591	606	-1.38092092266
chr2:198274706-198281489	608	611	-0.345230230665
chr2:198274706-198281489	620	627	-0.690460461329
chr2:198274706-198281489	629	632	-0.345230230665
chr2:198274706-198281489	637	639	-0.258922672998
chr2:198274706-198281489	641	645	-0.431537788331
chr2:198274706-198281489	648	661	-1.20830580733
chr2:198274706-198281489	663	669	-0.604152903663
chr2:198274706-198281489	671	676	-0.517845345997
chr2:198274706-198281489	678	684	-0.604152903663
chr2:198274706-198281489	686	692	-0.604152903663
chr2:198274706-198281489	694	714	-1.81245871099
chr2:198274706-198281489	716	719	-0.345230230665
chr2:198274706-198281489	721	724	-0.345230230665
chr2:198274706-198281489	728	729	-0.172615115332
chr2:198274706-198281489	744	745	-0.172615115332
chr2:198274706-198281489	752	753	-0.172615115332
chr2:198274706-198281489	758	760	-0.258922672998
chr2:198274706-198281489	768	774	-0.604152903663
chr2:198274706-198281489	776	785	-0.863075576661
chr2:198274706-198281489	787	790	-0.345230230665
chr2:198274706-198281489	796	797	-0.172615115332
chr2:198274706-198281489	801	805	-0.431537788331
chr2:198274706-198281489	811	812	-0.172615115332
chr2:198274706-198281489	814	819	-0.517845345997
chr2:198274706-198281489	822	950	-11.1336749389
chr2:198274706-198281489	952	970	-1.63984359566
chr2:198274706-198281489	972	985	-1.20830580733
chr2:198274706-198281489	987	1409	-36.5080968928
chr2:198274706-198281489	1411	1414	-0.345230230665
chr2:198274706-198281489	1418	1419	-0.172615115332
chr2:198274706-198281489	1421	1424	-0.345230230665
chr2:198274706-198281489	1428	1430	-0.258922672998
chr2:198274706-198281489	1432	1436	-0.431537788331
chr2:198274706-198281489	1438	1440	-0.258922672998
chr2:198274706-198281489	1442	1448	-0.604152903663
chr2:198274706-198281489	1451	1454	-0.345230230665
chr2:198274706-198281489	1457	1459	-0.258922672998
chr2:198274706-198281489	1466	1468	-0.258922672998
chr2:198274706-198281489	1472	1480	-0.776768018995
chr2:198274706-198281489	1482	1500	-1.63984359566
chr2:198274706-198281489	1502	1548	-4.05645521031
chr2:198274706-198281489	1550	1553	-0.345230230665
chr2:198274706-198281489	1555	1556	-0.172615115332
chr2:198274706-198281489	1559	1560	-0.172615115332
chr2:198274706-198281489	1563	1564	-0.172615115332
chr2:198274706-198281489	1568	1569	-0.172615115332
chr2:198274706-198281489	1578	1580	-0.258922672998
chr2:198274706-198281489	1583	1588	-0.517845345997
chr2:198274706-198281489	1590	1595	-0.517845345997
chr2:198274706-198281489	1597	1610	-1.20830580733
chr2:198274706-198281489	1614	1625	-1.03569069199
chr2:198274706-198281489	1627	1642	-1.38092092266
chr2:198274706-198281489	1644	1646	-0.258922672998
chr2:198274706-198281489	1648	1790	-12.3419807463
chr2:198274706-198281489	1792	1833	-3.62491742198
chr2:198274706-198281489	1835	1839	-0.431537788331
chr2:198274706-198281489	1841	1850	-0.863075576661
chr2:198274706-198281489	1852	1910	-5.0921459023
chr2:198274706-198281489	1912	1989	-6.73198949796
chr2:198274706-198281489	1991	2070	-6.90460461329
chr2:198274706-198281489	2072	2075	-0.345230230665
chr2:198274706-198281489	2086	2088	-0.258922672998
chr2:198274706-198281489	2091	2093	-0.258922672998
chr2:198274706-198281489	2096	2102	-0.604152903663
chr2:198274706-198281489	2104	2105	-0.172615115332
chr2:198274706-198281489	2107	2144	-3.27968719131
chr2:198274706-198281489	2146	2427	-24.3387312618
chr2:198274706-198281489	2429	2437	-0.776768018995
chr2:198274706-198281489	2439	2441	-0.258922672998
chr2:198274706-198281489	2443	2446	-0.345230230665
chr2:198274706-198281489	2448	2450	-0.258922672998
chr2:198274706-198281489	2452	2454	-0.258922672998
chr2:198274706-198281489	2456	2458	-0.258922672998
chr2:198274706-198281489	2460	2463	-0.345230230665
chr2:198274706-198281489	2470	2471	-0.172615115332
chr2:198274706-198281489	2480	2481	-0.172615115332
chr2:198274706-198281489	2488	2496	-0.776768018995
chr2:198274706-198281489	2498	2505	-0.690460461329
chr2:198274706-198281489	2507	2510	-0.345230230665
chr2:198274706-198281489	2517	2518	-0.172615115332
chr2:198274706-198281489	2528	2529	-0.172615115332
chr2:198274706-198281489	2541	2542	-0.172615115332
chr2:198274706-198281489	2549	2550	-0.172615115332
chr2:198274706-198281489	2553	2556	-0.345230230665
chr2:198274706-198281489	2558	2570	-1.12199824966
chr2:198274706-198281489	2572	2579	-0.690460461329
chr2:198274706-198281489	2581	2586	-0.517845345997
chr2:198274706-198281489	2588	2589	-0.172615115332
chr2:198274706-198281489	2591	2592	-0.172615115332
chr2:198274706-198281489	2596	2626	-2.67553428765
chr2:198274706-198281489	2628	2672	-3.88384009498
chr2:198274706-198281489	2676	2723	-4.14276276797
chr2:198274706-198281489	2727	2728	-0.172615115332
chr2:198274706-198281489	2730	2731	-0.172615115332
chr2:198274706-198281489	2733	2739	-0.604152903663
chr2:198274706-198281489	2741	2746	-0.517845345997
chr2:198274706-198281489	2748	2759	-1.03569069199
chr2:198274706-198281489	2761	2765	-0.431537788331
chr2:198274706-198281489	2767	2768	-0.172615115332
chr2:198274706-198281489	2770	2839	-6.04152903663
chr2:198274706-198281489	2842	2848	-0.604152903663
chr2:198274706-198281489	2865	2869	-0.431537788331
chr2:198274706-198281489	2874	2876	-0.258922672998
chr2:198274706-198281489	2880	2881	-0.172615115332
chr2:198274706-198281489	2883	2899	-1.46722848032
chr2:198274706-198281489	2901	2906	-0.517845345997
chr2:198274706-198281489	2915	2936	-1.89876626865
chr2:198274706-198281489	2938	3145	-17.9519719946
chr2:198274706-198281489	3148	3149	-0.172615115332
chr2:198274706-198281489	3153	3161	-0.776768018995
chr2:198274706-198281489	3163	3168	-0.517845345997
chr2:198274706-198281489	3170	3172	-0.258922672998
chr2:198274706-198281489	3175	3176	-0.172615115332
chr2:198274706-198281489	3178	3182	-0.431537788331
chr2:198274706-198281489	3184	3189	-0.517845345997
chr2:198274706-198281489	3191	3193	-0.258922672998
chr2:198274706-198281489	3195	3197	-0.258922672998
chr2:198274706-198281489	3200	3205	-0.517845345997
chr2:198274706-198281489	3207	3212	-0.517845345997
chr2:198274706-198281489	3217	3218	-0.172615115332
chr2:198274706-198281489	3220	3221	-0.172615115332
chr2:198274706-198281489	3230	3235	-0.517845345997
chr2:198274706-198281489	3247	3249	-0.258922672998
chr2:198274706-198281489	3251	3253	-0.258922672998
chr2:198274706-198281489	3258	3261	-0.345230230665
chr2:198274706-198281489	3265	3267	-0.258922672998
chr2:198274706-198281489	3269	3270	-0.172615115332
chr2:198274706-198281489	3273	3279	-0.604152903663
chr2:198274706-198281489	3281	3284	-0.345230230665
chr2:198274706-198281489	3291	3294	-0.345230230665
chr2:198274706-198281489	3296	3301	-0.517845345997
chr2:198274706-198281489	3303	3347	-3.88384009498
chr2:198274706-198281489	3349	3875	-45.48408289
chr2:198274706-198281489	3877	3891	-1.29461336499
chr2:198274706-198281489	3894	3899	-0.517845345997
chr2:198274706-198281489	3903	3905	-0.258922672998
chr2:198274706-198281489	3907	3908	-0.172615115332
chr2:198274706-198281489	3910	3912	-0.258922672998
chr2:198274706-198281489	3918	3921	-0.345230230665
chr2:198274706-198281489	3929	3933	-0.431537788331
chr2:198274706-198281489	3935	3951	-1.46722848032
chr2:198274706-198281489	3953	3959	-0.604152903663
chr2:198274706-198281489	3962	3963	-0.172615115332
chr2:198274706-198281489	3968	3969	-0.172615115332
chr2:198274706-198281489	3971	3973	-0.258922672998
chr2:198274706-198281489	3977	3980	-0.345230230665
chr2:198274706-198281489	3985	3987	-0.258922672998
chr2:198274706-198281489	3989	4032	-3.79753253731
chr2:198274706-198281489	4034	4037	-0.345230230665
chr2:198274706-198281489	4040	4042	-0.258922672998
chr2:198274706-198281489	4044	4048	-0.431537788331
chr2:198274706-198281489	4054	4057	-0.345230230665
chr2:198274706-198281489	4061	4063	-0.258922672998
chr2:198274706-198281489	4075	4092	-1.55353603799
chr2:198274706-198281489	4094	4098	-0.431537788331
chr2:198274706-198281489	4102	4109	-0.690460461329
chr2:198274706-198281489	4115	4119	-0.431537788331
chr2:198274706-198281489	4121	4634	-44.3620846404
chr2:198274706-198281489	4636	5329	-59.8974450203
chr2:198274706-198281489	5332	5337	-0.517845345997
chr2:198274706-198281489	5340	5345	-0.517845345997
chr2:198274706-198281489	5347	5354	-0.690460461329
chr2:198274706-198281489	5357	5360	-0.345230230665
chr2:198274706-198281489	5363	5364	-0.172615115332
chr2:198274706-198281489	5366	5367	-0.172615115332
chr2:198274706-198281489	5369	5373	-0.431537788331
chr2:198274706-198281489	5375	5379	-0.431537788331
chr2:198274706-198281489	5397	5399	-0.258922672998
chr2:198274706-198281489	5406	5407	-0.172615115332
chr2:198274706-198281489	5423	5438	-1.38092092266
chr2:198274706-198281489	5440	5445	-0.517845345997
chr2:198274706-198281489	5448	5450	-0.258922672998
chr2:198274706-198281489	5453	5458	-0.517845345997
chr2:198274706-198281489	5463	5464	-0.172615115332
chr2:198274706-198281489	5468	5480	-1.12199824966
chr2:198274706-198281489	5483	5490	-0.690460461329
chr2:198274706-198281489	5492	5496	-0.431537788331
chr2:198274706-198281489	5498	5508	-0.949383134327
chr2:198274706-198281489	5511	5515	-0.431537788331
chr2:198274706-198281489	5517	5524	-0.690460461329
chr2:198274706-198281489	5526	5539	-1.20830580733
chr2:198274706-198281489	5541	5712	-14.8448999186
chr2:198274706-198281489	5714	5727	-1.20830580733
chr2:198274706-198281489	5734	5735	-0.172615115332
chr2:198274706-198281489	5748	5752	-0.431537788331
chr2:198274706-198281489	5761	5955	-16.8299737449
chr2:198274706-198281489	5957	5963	-0.604152903663
chr2:198281610-198283257	1	564	-34.9197284109
chr2:198281610-198283257	566	600	-2.16700442266
chr2:198281610-198283257	602	603	-0.123828824152
chr2:198281610-198283257	605	620	-0.990630593218
chr2:198281610-198283257	625	626	-0.123828824152
chr2:198281610-198283257	628	630	-0.185743236228
chr2:198281610-198283257	632	640	-0.557229708685
chr2:198281610-198283257	642	777	-8.42036004235
chr2:198281610-198283257	779	864	-5.32463943854
chr2:198281610-198283257	866	891	-1.60977471398
chr2:198281610-198283257	893	965	-4.51975208156
chr2:198281610-198283257	967	1068	-6.31527003176
chr2:198281610-198283257	1070	1082	-0.804887356989
chr2:198281610-198283257	1084	1104	-1.3002026536
chr2:198281610-198283257	1106	1109	-0.247657648304
chr2:198281610-198283257	1113	1121	-0.557229708685
chr2:198281610-198283257	1127	1128	-0.123828824152
chr2:198281610-198283257	1162	1163	-0.123828824152
chr2:198281610-198283257	1165	1195	-1.91934677436
chr2:198281610-198283257	1197	1201	-0.309572060381
chr2:198281610-198283257	1203	1220	-1.11445941737
chr2:198281610-198283257	1222	1275	-3.34337825211
chr2:198281610-198283257	1277	1328	-3.21954942796
chr2:198283287-198283545	7	10	-7.14061660717
chr2:198283287-198283545	14	15	-3.57030830358
chr2:198283287-198283545	19	22	-7.14061660717
chr2:198283287-198283545	26	29	-7.14061660717
chr2:198283287-198283545	31	32	-3.57030830358
chr2:198283287-198283545	38	39	-3.57030830358
chr2:198283287-198283545	43	48	-10.7109249108
chr2:198283287-198283545	53	55	-5.35546245538
chr2:198283287-198283545	57	58	-3.57030830358
chr2:198283287-198283545	62	63	-3.57030830358
chr2:198283287-198283545	65	66	-3.57030830358
chr2:198283287-198283545	68	71	-7.14061660717
chr2:198283287-198283545	74	79	-10.7109249108
chr2:198283287-198283545	88	89	-3.57030830358
chr2:198283287-198283545	91	94	-7.14061660717
chr2:198283287-198283545	96	97	-3.57030830358
chr2:198283287-198283545	101	104	-7.14061660717
chr2:198283287-198283545	108	109	-3.57030830358
chr2:198283287-198283545	111	114	-7.14061660717
chr2:198283287-198283545	116	125	-17.8515415179
chr2:198283287-198283545	127	133	-12.4960790625
chr2:198283287-198283545	135	137	-5.35546245538
chr2:198283287-198283545	139	142	-7.14061660717
chr2:198283287-198283545	145	149	-8.92577075896
chr2:198283287-198283545	151	154	-7.14061660717
chr2:198283287-198283545	156	157	-3.57030830358
chr2:198283287-198283545	159	160	-3.57030830358
chr2:198283287-198283545	162	167	-10.7109249108
chr2:198283287-198283545	172	174	-5.35546245538
chr2:198283287-198283545	177	181	-8.92577075896
chr2:198283287-198283545	185	186	-3.57030830358
chr2:198283287-198283545	193	194	-3.57030830358
chr2:198283287-198283545	196	197	-3.57030830358
chr2:198283287-198283545	202	203	-3.57030830358
chr2:198283650-198285176	2	4	-2.63945343593
chr2:198283650-198285176	6	8	-2.63945343593
chr2:198283650-198285176	16	17	-1.75963562395
chr2:198283650-198285176	20	28	-7.91836030778
chr2:198283650-198285176	34	37	-3.5192712479
chr2:198283650-198285176	39	42	-3.5192712479
chr2:198283650-198285176	45	47	-2.63945343593
chr2:198283650-198285176	49	50	-1.75963562395
chr2:198283650-198285176	52	55	-3.5192712479
chr2:198283650-198285176	59	60	-1.75963562395
chr2:198283650-198285176	63	69	-6.15872468383
chr2:198283650-198285176	72	77	-5.27890687185
chr2:198283650-198285176	79	82	-3.5192712479
chr2:198283650-198285176	102	107	-5.27890687185
chr2:198283650-198285176	112	115	-3.5192712479
chr2:198283650-198285176	117	120	-3.5192712479
chr2:198283650-198285176	122	124	-2.63945343593
chr2:198283650-198285176	127	140	-12.3174493677
chr2:198283650-198285176	143	152	-8.79817811976
chr2:198283650-198285176	154	155	-1.75963562395
chr2:198283650-198285176	160	163	-3.5192712479
chr2:198283650-198285176	165	169	-4.39908905988
chr2:198283650-198285176	172	178	-6.15872468383
chr2:198283650-198285176	186	193	-7.0385424958
chr2:198283650-198285176	196	197	-1.75963562395
chr2:198283650-198285176	206	207	-1.75963562395
chr2:198283650-198285176	209	210	-1.75963562395
chr2:198283650-198285176	212	213	-1.75963562395
chr2:198283650-198285176	222	224	-2.63945343593
chr2:198283650-198285176	232	233	-1.75963562395
chr2:198283650-198285176	239	240	-1.75963562395
chr2:198283650-198285176	244	245	-1.75963562395
chr2:198283650-198285176	251	252	-1.75963562395
chr2:198283650-198285176	256	259	-3.5192712479
chr2:198283650-198285176	263	266	-3.5192712479
chr2:198283650-198285176	274	275	-1.75963562395
chr2:198283650-198285176	281	282	-1.75963562395
chr2:198283650-198285176	287	290	-3.5192712479
chr2:198283650-198285176	292	303	-10.5578137437
chr2:198283650-198285176	305	308	-3.5192712479
chr2:198283650-198285176	310	313	-3.5192712479
chr2:198283650-198285176	315	319	-4.39908905988
chr2:198283650-198285176	321	322	-1.75963562395
chr2:198283650-198285176	330	332	-2.63945343593
chr2:198283650-198285176	345	347	-2.63945343593
chr2:198283650-198285176	364	365	-1.75963562395
chr2:198283650-198285176	368	369	-1.75963562395
chr2:198283650-198285176	385	388	-3.5192712479
chr2:198283650-198285176	396	399	-3.5192712479
chr2:198283650-198285176	404	409	-5.27890687185
chr2:198283650-198285176	417	418	-1.75963562395
chr2:198283650-198285176	422	426	-4.39908905988
chr2:198283650-198285176	428	433	-5.27890687185
chr2:198283650-198285176	436	438	-2.63945343593
chr2:198283650-198285176	448	449	-1.75963562395
chr2:198283650-198285176	451	456	-5.27890687185
chr2:198283650-198285176	461	462	-1.75963562395
chr2:198283650-198285176	465	466	-1.75963562395
chr2:198283650-198285176	468	470	-2.63945343593
chr2:198283650-198285176	477	478	-1.75963562395
chr2:198283650-198285176	480	482	-2.63945343593
chr2:198283650-198285176	486	491	-5.27890687185
chr2:198283650-198285176	493	499	-6.15872468383
chr2:198283650-198285176	501	503	-2.63945343593
chr2:198283650-198285176	506	514	-7.91836030778
chr2:198283650-198285176	525	527	-2.63945343593
chr2:198283650-198285176	532	533	-1.75963562395
chr2:198283650-198285176	537	540	-3.5192712479
chr2:198283650-198285176	542	545	-3.5192712479
chr2:198283650-198285176	547	549	-2.63945343593
chr2:198283650-198285176	551	552	-1.75963562395
chr2:198283650-198285176	556	560	-4.39908905988
chr2:198283650-198285176	575	577	-2.63945343593
chr2:198283650-198285176	589	591	-2.63945343593
chr2:198283650-198285176	598	599	-1.75963562395
chr2:198283650-198285176	601	603	-2.63945343593
chr2:198283650-198285176	605	608	-3.5192712479
chr2:198283650-198285176	610	613	-3.5192712479
chr2:198283650-198285176	626	627	-1.75963562395
chr2:198283650-198285176	635	641	-6.15872468383
chr2:198283650-198285176	645	646	-1.75963562395
chr2:198283650-198285176	649	650	-1.75963562395
chr2:198283650-198285176	652	653	-1.75963562395
chr2:198283650-198285176	662	664	-2.63945343593
chr2:198283650-198285176	668	672	-4.39908905988
chr2:198283650-198285176	675	676	-1.75963562395
chr2:198283650-198285176	683	685	-2.63945343593
chr2:198283650-198285176	688	695	-7.0385424958
chr2:198283650-198285176	697	699	-2.63945343593
chr2:198283650-198285176	712	713	-1.75963562395
chr2:198283650-198285176	716	726	-9.67799593173
chr2:198283650-198285176	735	739	-4.39908905988
chr2:198283650-198285176	742	744	-2.63945343593
chr2:198283650-198285176	763	765	-2.63945343593
chr2:198283650-198285176	767	772	-5.27890687185
chr2:198283650-198285176	775	776	-1.75963562395
chr2:198283650-198285176	778	782	-4.39908905988
chr2:198283650-198285176	784	786	-2.63945343593
chr2:198283650-198285176	795	797	-2.63945343593
chr2:198283650-198285176	799	801	-2.63945343593
chr2:198283650-198285176	804	807	-3.5192712479
chr2:198283650-198285176	809	810	-1.75963562395
chr2:198283650-198285176	812	813	-1.75963562395
chr2:198283650-198285176	823	824	-1.75963562395
chr2:198283650-198285176	827	829	-2.63945343593
chr2:198283650-198285176	831	832	-1.75963562395
chr2:198283650-198285176	835	840	-5.27890687185
chr2:198283650-198285176	844	851	-7.0385424958
chr2:198283650-198285176	860	864	-4.39908905988
chr2:198283650-198285176	866	868	-2.63945343593
chr2:198283650-198285176	874	878	-4.39908905988
chr2:198283650-198285176	882	884	-2.63945343593
chr2:198283650-198285176	888	890	-2.63945343593
chr2:198283650-198285176	892	894	-2.63945343593
chr2:198283650-198285176	897	898	-1.75963562395
chr2:198283650-198285176	901	905	-4.39908905988
chr2:198283650-198285176	909	912	-3.5192712479
chr2:198283650-198285176	914	920	-6.15872468383
chr2:198283650-198285176	922	923	-1.75963562395
chr2:198283650-198285176	932	933	-1.75963562395
chr2:198283650-198285176	935	936	-1.75963562395
chr2:198283650-198285176	954	956	-2.63945343593
chr2:198283650-198285176	958	962	-4.39908905988
chr2:198283650-198285176	964	965	-1.75963562395
chr2:198283650-198285176	967	975	-7.91836030778
chr2:198283650-198285176	978	980	-2.63945343593
chr2:198283650-198285176	982	983	-1.75963562395
chr2:198283650-198285176	985	986	-1.75963562395
chr2:198283650-198285176	988	989	-1.75963562395
chr2:198283650-198285176	991	999	-7.91836030778
chr2:198283650-198285176	1001	1005	-4.39908905988
chr2:198283650-198285176	1007	1008	-1.75963562395
chr2:198283650-198285176	1011	1022	-10.5578137437
chr2:198283650-198285176	1024	1026	-2.63945343593
chr2:198283650-198285176	1030	1032	-2.63945343593
chr2:198283650-198285176	1035	1038	-3.5192712479
chr2:198283650-198285176	1040	1042	-2.63945343593
chr2:198283650-198285176	1047	1048	-1.75963562395
chr2:198283650-198285176	1050	1052	-2.63945343593
chr2:198283650-198285176	1054	1057	-3.5192712479
chr2:198283650-198285176	1065	1068	-3.5192712479
chr2:198283650-198285176	1075	1080	-5.27890687185
chr2:198283650-198285176	1083	1084	-1.75963562395
chr2:198283650-198285176	1086	1091	-5.27890687185
chr2:198283650-198285176	1096	1099	-3.5192712479
chr2:198283650-198285176	1103	1106	-3.5192712479
chr2:198283650-198285176	1108	1110	-2.63945343593
chr2:198283650-198285176	1114	1116	-2.63945343593
chr2:198283650-198285176	1118	1120	-2.63945343593
chr2:198283650-198285176	1126	1128	-2.63945343593
chr2:198283650-198285176	1132	1133	-1.75963562395
chr2:198283650-198285176	1135	1136	-1.75963562395
chr2:198283650-198285176	1138	1143	-5.27890687185
chr2:198283650-198285176	1152	1157	-5.27890687185
chr2:198283650-198285176	1161	1162	-1.75963562395
chr2:198283650-198285176	1164	1166	-2.63945343593
chr2:198283650-198285176	1168	1169	-1.75963562395
chr2:198283650-198285176	1175	1186	-10.5578137437
chr2:198283650-198285176	1188	1192	-4.39908905988
chr2:198283650-198285176	1203	1204	-1.75963562395
chr2:198283650-198285176	1208	1209	-1.75963562395
chr2:198283650-198285176	1211	1212	-1.75963562395
chr2:198283650-198285176	1218	1219	-1.75963562395
chr2:198283650-198285176	1224	1225	-1.75963562395
chr2:198283650-198285176	1230	1233	-3.5192712479
chr2:198283650-198285176	1236	1239	-3.5192712479
chr2:198283650-198285176	1243	1245	-2.63945343593
chr2:198283650-198285176	1247	1252	-5.27890687185
chr2:198283650-198285176	1254	1257	-3.5192712479
chr2:198283650-198285176	1269	1275	-6.15872468383
chr2:198283650-198285176	1293	1294	-1.75963562395
chr2:198283650-198285176	1296	1297	-1.75963562395
chr2:198283650-198285176	1314	1316	-2.63945343593
chr2:198283650-198285176	1321	1325	-4.39908905988
chr2:198283650-198285176	1328	1329	-1.75963562395
chr2:198283650-198285176	1331	1333	-2.63945343593
chr2:198283650-198285176	1337	1340	-3.5192712479
chr2:198283650-198285176	1351	1353	-2.63945343593
chr2:198283650-198285176	1355	1358	-3.5192712479
chr2:198283650-198285176	1367	1368	-1.75963562395
chr2:198283650-198285176	1370	1379	-8.79817811976
chr2:198283650-198285176	1381	1383	-2.63945343593
chr2:198283650-198285176	1385	1386	-1.75963562395
chr2:198283650-198285176	1397	1399	-2.63945343593
chr2:198283650-198285176	1402	1405	-3.5192712479
chr2:198283650-198285176	1408	1410	-2.63945343593
chr2:198283650-198285176	1412	1415	-3.5192712479
chr2:198283650-198285176	1418	1420	-2.63945343593
chr2:198283650-198285176	1424	1425	-1.75963562395
chr2:198283650-198285176	1428	1429	-1.75963562395
chr2:198283650-198285176	1431	1434	-3.5192712479
chr2:198283650-198285176	1441	1442	-1.75963562395
chr2:198283650-198285176	1449	1450	-1.75963562395
chr2:198283650-198285176	1452	1458	-6.15872468383
chr2:198283650-198285176	1460	1461	-1.75963562395
chr2:198283650-198285176	1464	1470	-6.15872468383
chr2:198283650-198285176	1472	1475	-3.5192712479
chr2:198285241-198285777	1	2	-0.0536524109776
chr2:198285241-198285777	4	7	-0.107304821955
chr2:198285241-198285777	9	85	-2.06561782264
chr2:198285241-198285777	87	111	-0.670655137221
chr2:198285241-198285777	113	126	-0.375566876844
chr2:198285241-198285777	128	188	-1.63639853482
chr2:198285241-198285777	190	391	-5.41889350874
chr2:198285241-198285777	393	397	-0.134131027444
chr2:198285241-198285777	399	478	-2.14609643911
chr2:198285832-198288556	1	91	-5.63804172833
chr2:198285832-198288556	93	135	-2.66412960789
chr2:198285832-198288556	137	204	-4.21304217062
chr2:198285832-198288556	206	361	-9.66521439143
chr2:198285832-198288556	363	448	-5.32825921579
chr2:198285832-198288556	450	457	-0.495652020073
chr2:198285832-198288556	459	527	-4.27499867313
chr2:198285832-198288556	529	534	-0.371739015055
chr2:198285832-198288556	536	634	-6.13369374841
chr2:198285832-198288556	636	643	-0.495652020073
chr2:198285832-198288556	647	648	-0.123913005018
chr2:198285832-198288556	650	651	-0.123913005018
chr2:198285832-198288556	653	655	-0.185869507528
chr2:198285832-198288556	662	663	-0.123913005018
chr2:198285832-198288556	665	1021	-22.1184713958
chr2:198285832-198288556	1023	1229	-12.8249960194
chr2:198285832-198288556	1231	1295	-4.0271726631
chr2:198285832-198288556	1297	1362	-4.08912916561
chr2:198285832-198288556	1364	1499	-8.42608434125
chr2:198285832-198288556	1512	1514	-0.185869507528
chr2:198285832-198288556	1519	1521	-0.185869507528
chr2:198285832-198288556	1523	1531	-0.557608522583
chr2:198285832-198288556	1533	1545	-0.805434532619
chr2:198285832-198288556	1547	1559	-0.805434532619
chr2:198285832-198288556	1563	1574	-0.74347803011
chr2:198285832-198288556	1579	1582	-0.247826010037
chr2:198285832-198288556	1584	1585	-0.123913005018
chr2:198285832-198288556	1587	1592	-0.371739015055
chr2:198285832-198288556	1594	1628	-2.16847758782
chr2:198285832-198288556	1630	1637	-0.495652020073
chr2:198285832-198288556	1643	1645	-0.185869507528
chr2:198285832-198288556	1653	1656	-0.247826010037
chr2:198285832-198288556	1660	1661	-0.123913005018
chr2:198285832-198288556	1666	1701	-2.23043409033
chr2:198285832-198288556	1703	1719	-1.05326054266
chr2:198285832-198288556	1721	1879	-9.85108389896
chr2:198285832-198288556	1881	2001	-7.49673680361
chr2:198285832-198288556	2005	2007	-0.185869507528
chr2:198285832-198288556	2009	2010	-0.123913005018
chr2:198285832-198288556	2013	2026	-0.867391035128
chr2:198285832-198288556	2028	2029	-0.123913005018
chr2:198285832-198288556	2031	2053	-1.42499955771
chr2:198285832-198288556	2055	2072	-1.11521704517
chr2:198285832-198288556	2086	2087	-0.123913005018
chr2:198285832-198288556	2091	2097	-0.433695517564
chr2:198285832-198288556	2099	2101	-0.185869507528
chr2:198285832-198288556	2103	2104	-0.123913005018
chr2:198285832-198288556	2106	2109	-0.247826010037
chr2:198285832-198288556	2111	2114	-0.247826010037
chr2:198285832-198288556	2116	2132	-1.05326054266
chr2:198285832-198288556	2134	2136	-0.185869507528
chr2:198285832-198288556	2138	2142	-0.309782512546
chr2:198285832-198288556	2147	2149	-0.185869507528
chr2:198285832-198288556	2153	2155	-0.185869507528
chr2:198285832-198288556	2159	2160	-0.123913005018
chr2:198285832-198288556	2163	2169	-0.433695517564
chr2:198285832-198288556	2171	2196	-1.61086906524
chr2:198285832-198288556	2200	2203	-0.247826010037
chr2:198285832-198288556	2209	2457	-15.4271691248
chr2:198288673-198299720	1	368	-16.1531876217
chr2:198288673-198299720	370	390	-0.921785163193
chr2:198288673-198299720	392	503	-4.91618753703
chr2:198288673-198299720	505	925	-18.4795977954
chr2:198288673-198299720	927	928	-0.0877890631612
chr2:198288673-198299720	930	945	-0.70231250529
chr2:198288673-198299720	949	952	-0.175578126322
chr2:198288673-198299720	954	959	-0.263367189484
chr2:198288673-198299720	961	974	-0.614523442129
chr2:198288673-198299720	976	995	-0.877890631612
chr2:198288673-198299720	997	1065	-3.02872267906
chr2:198288673-198299720	1067	1077	-0.482839847387
chr2:198288673-198299720	1079	1234	-6.84754692658
chr2:198288673-198299720	1236	1238	-0.131683594742
chr2:198288673-198299720	1241	1245	-0.219472657903
chr2:198288673-198299720	1247	1249	-0.131683594742
chr2:198288673-198299720	1253	1266	-0.614523442129
chr2:198288673-198299720	1268	1270	-0.131683594742
chr2:198288673-198299720	1273	1276	-0.175578126322
chr2:198288673-198299720	1279	1281	-0.131683594742
chr2:198288673-198299720	1283	1311	-1.27294141584
chr2:198288673-198299720	1314	1321	-0.351156252645
chr2:198288673-198299720	1323	1336	-0.614523442129
chr2:198288673-198299720	1338	1339	-0.0877890631612
chr2:198288673-198299720	1341	1342	-0.0877890631612
chr2:198288673-198299720	1349	1350	-0.0877890631612
chr2:198288673-198299720	1354	1355	-0.0877890631612
chr2:198288673-198299720	1368	1369	-0.0877890631612
chr2:198288673-198299720	1391	1392	-0.0877890631612
chr2:198288673-198299720	1394	1396	-0.131683594742
chr2:198288673-198299720	1400	1406	-0.307261721064
chr2:198288673-198299720	1408	1421	-0.614523442129
chr2:198288673-198299720	1423	1432	-0.438945315806
chr2:198288673-198299720	1434	1436	-0.131683594742
chr2:198288673-198299720	1438	1439	-0.0877890631612
chr2:198288673-198299720	1443	1452	-0.438945315806
chr2:198288673-198299720	1454	1457	-0.175578126322
chr2:198288673-198299720	1459	1462	-0.175578126322
chr2:198288673-198299720	1466	1470	-0.219472657903
chr2:198288673-198299720	1474	1475	-0.0877890631612
chr2:198288673-198299720	1477	1804	-14.3974063584
chr2:198288673-198299720	1806	1813	-0.351156252645
chr2:198288673-198299720	1816	1970	-6.803652395
chr2:198288673-198299720	1972	2352	-16.7238165322
chr2:198288673-198299720	2354	2357	-0.175578126322
chr2:198288673-198299720	2361	2366	-0.263367189484
chr2:198288673-198299720	2369	2372	-0.175578126322
chr2:198288673-198299720	2374	2377	-0.175578126322
chr2:198288673-198299720	2379	2385	-0.307261721064
chr2:198288673-198299720	2387	2407	-0.921785163193
chr2:198288673-198299720	2409	2414	-0.263367189484
chr2:198288673-198299720	2416	2481	-2.89703908432
chr2:198288673-198299720	2483	2628	-6.40860161077
chr2:198288673-198299720	2630	3779	-50.4787113177
chr2:198288673-198299720	3782	3787	-0.263367189484
chr2:198288673-198299720	3796	3799	-0.175578126322
chr2:198288673-198299720	3801	3802	-0.0877890631612
chr2:198288673-198299720	3808	3810	-0.131683594742
chr2:198288673-198299720	3814	3815	-0.0877890631612
chr2:198288673-198299720	3821	3824	-0.175578126322
chr2:198288673-198299720	3826	3835	-0.438945315806
chr2:198288673-198299720	3837	3842	-0.263367189484
chr2:198288673-198299720	3844	3848	-0.219472657903
chr2:198288673-198299720	3865	3868	-0.175578126322
chr2:198288673-198299720	3877	3879	-0.131683594742
chr2:198288673-198299720	3886	3889	-0.175578126322
chr2:198288673-198299720	3893	3894	-0.0877890631612
chr2:198288673-198299720	3897	3907	-0.482839847387
chr2:198288673-198299720	3909	3942	-1.49241407374
chr2:198288673-198299720	3946	3974	-1.27294141584
chr2:198288673-198299720	3976	3979	-0.175578126322
chr2:198288673-198299720	3981	3982	-0.0877890631612
chr2:198288673-198299720	3984	3987	-0.175578126322
chr2:198288673-198299720	3989	3991	-0.131683594742
chr2:198288673-198299720	3993	3998	-0.263367189484
chr2:198288673-198299720	4000	4005	-0.263367189484
chr2:198288673-198299720	4007	4048	-1.84357032639
chr2:198288673-198299720	4050	4247	-8.69111725296
chr2:198288673-198299720	4249	4272	-1.05346875793
chr2:198288673-198299720	4274	4277	-0.175578126322
chr2:198288673-198299720	4290	4292	-0.131683594742
chr2:198288673-198299720	4296	4300	-0.219472657903
chr2:198288673-198299720	4302	4347	-2.01914845271
chr2:198288673-198299720	4349	4719	-16.2848712164
chr2:198288673-198299720	4721	4723	-0.131683594742
chr2:198288673-198299720	4725	4815	-3.99440237384
chr2:198288673-198299720	4819	4820	-0.0877890631612
chr2:198288673-198299720	4824	4828	-0.219472657903
chr2:198288673-198299720	4830	4837	-0.351156252645
chr2:198288673-198299720	4839	4842	-0.175578126322
chr2:198288673-198299720	4844	4846	-0.131683594742
chr2:198288673-198299720	4848	4849	-0.0877890631612
chr2:198288673-198299720	4855	4856	-0.0877890631612
chr2:198288673-198299720	4858	4861	-0.175578126322
chr2:198288673-198299720	4863	4894	-1.40462501058
chr2:198288673-198299720	4896	4936	-1.79967579481
chr2:198288673-198299720	4938	4942	-0.219472657903
chr2:198288673-198299720	4944	4946	-0.131683594742
chr2:198288673-198299720	4949	4952	-0.175578126322
chr2:198288673-198299720	4954	4982	-1.27294141584
chr2:198288673-198299720	4984	4987	-0.175578126322
chr2:198288673-198299720	4989	4992	-0.175578126322
chr2:198288673-198299720	4994	5550	-24.4492540904
chr2:198288673-198299720	5557	5566	-0.438945315806
chr2:198288673-198299720	5568	5585	-0.790101568451
chr2:198288673-198299720	5587	5607	-0.921785163193
chr2:198288673-198299720	5614	5615	-0.0877890631612
chr2:198288673-198299720	5618	5620	-0.131683594742
chr2:198288673-198299720	5622	5624	-0.131683594742
chr2:198288673-198299720	5633	5634	-0.0877890631612
chr2:198288673-198299720	5650	5652	-0.131683594742
chr2:198288673-198299720	5655	5705	-2.23862111061
chr2:198288673-198299720	5707	5710	-0.175578126322
chr2:198288673-198299720	5712	5714	-0.131683594742
chr2:198288673-198299720	5718	5728	-0.482839847387
chr2:198288673-198299720	5730	5791	-2.721460958
chr2:198288673-198299720	5793	5795	-0.131683594742
chr2:198288673-198299720	5797	5800	-0.175578126322
chr2:198288673-198299720	5806	5808	-0.131683594742
chr2:198288673-198299720	5810	6552	-32.6136369644
chr2:198288673-198299720	6554	6562	-0.395050784226
chr2:198288673-198299720	6566	6614	-2.15083204745
chr2:198288673-198299720	6616	6650	-1.53630860532
chr2:198288673-198299720	6652	6670	-0.833996100032
chr2:198288673-198299720	6672	6673	-0.0877890631612
chr2:198288673-198299720	6675	6716	-1.84357032639
chr2:198288673-198299720	6718	6723	-0.263367189484
chr2:198288673-198299720	6725	6728	-0.175578126322
chr2:198288673-198299720	6730	6731	-0.0877890631612
chr2:198288673-198299720	6733	6748	-0.70231250529
chr2:198288673-198299720	6750	6755	-0.263367189484
chr2:198288673-198299720	6759	6803	-1.97525392113
chr2:198288673-198299720	6805	7139	-14.7046680795
chr2:198288673-198299720	7141	7145	-0.219472657903
chr2:198288673-198299720	7147	7155	-0.395050784226
chr2:198288673-198299720	7159	7161	-0.131683594742
chr2:198288673-198299720	7165	7172	-0.351156252645
chr2:198288673-198299720	7174	7222	-2.15083204745
chr2:198288673-198299720	7225	7227	-0.131683594742
chr2:198288673-198299720	7232	7239	-0.351156252645
chr2:198288673-198299720	7245	7269	-1.09736328952
chr2:198288673-198299720	7271	7306	-1.5802031369
chr2:198288673-198299720	7308	7335	-1.22904688426
chr2:198288673-198299720	7337	7350	-0.614523442129
chr2:198288673-198299720	7352	7375	-1.05346875793
chr2:198288673-198299720	7377	7393	-0.74620703687
chr2:198288673-198299720	7395	7408	-0.614523442129
chr2:198288673-198299720	7410	7412	-0.131683594742
chr2:198288673-198299720	7414	7464	-2.23862111061
chr2:198288673-198299720	7468	8643	-51.6199691388
chr2:198288673-198299720	8645	8649	-0.219472657903
chr2:198288673-198299720	8655	8656	-0.0877890631612
chr2:198288673-198299720	8658	8662	-0.219472657903
chr2:198288673-198299720	8666	8667	-0.0877890631612
chr2:198288673-198299720	8672	8674	-0.131683594742
chr2:198288673-198299720	8682	8695	-0.614523442129
chr2:198288673-198299720	8707	8710	-0.175578126322
chr2:198288673-198299720	8715	8845	-5.75018363706
chr2:198288673-198299720	8847	9236	-17.1188673164
NM_001005526	2	15	-11.847762078
NM_001005526	18	20	-2.53880615956
NM_001005526	25	26	-1.69253743971
NM_001005526	28	33	-5.07761231912
NM_001005526	38	41	-3.38507487941
NM_001005526	57	59	-2.53880615956
NM_001005526	64	69	-5.07761231912
NM_001005526	75	78	-3.38507487941
NM_001005526	81	83	-2.53880615956
NM_001005526	90	92	-2.53880615956
NM_001005526	101	102	-1.69253743971
NM_001005526	109	110	-1.69253743971
NM_001005526	117	118	-1.69253743971
NM_001005526	139	141	-2.53880615956
NM_001005526	159	160	-1.69253743971
NM_001005526	169	170	-1.69253743971
NM_001005526	185	187	-2.53880615956
NM_001005526	206	214	-7.61641847868
NM_001005526	217	218	-1.69253743971
NM_001005526	221	223	-2.53880615956
NM_001005526	232	234	-2.53880615956
NM_001005526	247	248	-1.69253743971
NM_001005526	250	251	-1.69253743971
NM_001005526	262	265	-3.38507487941
NM_001005526	280	282	-2.53880615956
NM_001005526	287	288	-1.69253743971
NM_001005526	307	308	-1.69253743971
NM_001005526	324	325	-1.69253743971
NM_001005526	328	329	-1.69253743971
NM_001005526	332	333	-1.69253743971
NM_001005526	354	355	-1.69253743971
NM_001005526	374	376	-2.53880615956
NM_001005526	379	381	-2.53880615956
NM_001005526	410	411	-1.69253743971
NM_001005526	422	443	-18.6179118368
NM_001005526	445	459	-12.6940307978
NM_001005526	461	463	-2.53880615956
NM_001005526	466	471	-5.07761231912
NM_001005526	474	476	-2.53880615956
NM_001005526	483	486	-3.38507487941
NM_001005526	489	493	-4.23134359927
NM_001005526	498	500	-2.53880615956
NM_001005526	509	511	-2.53880615956
NM_001005526	515	516	-1.69253743971
NM_001005526	518	519	-1.69253743971
NM_001005526	525	526	-1.69253743971
NM_001005526	530	532	-2.53880615956
NM_001005526	536	537	-1.69253743971
NM_001005526	541	542	-1.69253743971
NM_001005526	547	551	-4.23134359927
NM_001005526	553	555	-2.53880615956
NM_001005526	557	560	-3.38507487941
NM_001005526	563	566	-3.38507487941
NM_012433	2	15	-25.2530752729
NM_012433	18	20	-5.41137327277
NM_012433	25	26	-3.60758218184
NM_012433	28	33	-10.8227465455
NM_012433	38	41	-7.21516436369
NM_012433	57	59	-5.41137327277
NM_012433	64	69	-10.8227465455
NM_012433	75	78	-7.21516436369
NM_012433	81	83	-5.41137327277
NM_012433	90	92	-5.41137327277
NM_012433	101	102	-3.60758218184
NM_012433	109	110	-3.60758218184
NM_012433	117	118	-3.60758218184
NM_012433	139	141	-5.41137327277
NM_012433	159	160	-3.60758218184
NM_012433	169	170	-3.60758218184
NM_012433	185	187	-5.41137327277
NM_012433	206	214	-16.2341198183
NM_012433	217	218	-3.60758218184
NM_012433	221	223	-5.41137327277
NM_012433	232	234	-5.41137327277
NM_012433	247	248	-3.60758218184
NM_012433	250	251	-3.60758218184
NM_012433	262	265	-7.21516436369
NM_012433	280	282	-5.41137327277
NM_012433	287	288	-3.60758218184
NM_012433	307	308	-3.60758218184
NM_012433	324	325	-3.60758218184
NM_012433	328	329	-3.60758218184
NM_012433	332	333	-3.60758218184
NM_012433	354	355	-3.60758218184
NM_012433	374	376	-5.41137327277
NM_012433	379	381	-5.41137327277
NM_012433	410	411	-3.60758218184
NM_012433	419	420	-3.60758218184
NM_012433	422	425	-7.21516436369
NM_012433	432	434	-5.41137327277
NM_012433	436	441	-10.8227465455
NM_012433	449	451	-5.41137327277
NM_012433	455	460	-10.8227465455
NM_012433	462	464	-5.41137327277
NM_012433	478	480	-5.41137327277
NM_012433	484	485	-3.60758218184
NM_012433	502	503	-3.60758218184
NM_012433	521	522	-3.60758218184
NM_012433	524	527	-7.21516436369
NM_012433	530	532	-5.41137327277
NM_012433	537	538	-3.60758218184
NM_012433	540	543	-7.21516436369
NM_012433	572	578	-12.6265376365
NM_012433	586	587	-3.60758218184
NM_012433	595	596	-3.60758218184
NM_012433	619	620	-3.60758218184
NM_012433	630	633	-7.21516436369
NM_012433	636	637	-3.60758218184
NM_012433	639	640	-3.60758218184
NM_012433	642	647	-10.8227465455
NM_012433	676	677	-3.60758218184
NM_012433	679	683	-9.01895545461
NM_012433	688	691	-7.21516436369
NM_012433	698	699	-3.60758218184
NM_012433	702	705	-7.21516436369
NM_012433	713	715	-5.41137327277
NM_012433	725	726	-3.60758218184
NM_012433	732	733	-3.60758218184
NM_012433	738	739	-3.60758218184
NM_012433	749	752	-7.21516436369
NM_012433	760	761	-3.60758218184
NM_012433	803	806	-7.21516436369
NM_012433	817	818	-3.60758218184
NM_012433	832	833	-3.60758218184
NM_012433	843	844	-3.60758218184
NM_012433	851	852	-3.60758218184
NM_012433	872	874	-5.41137327277
NM_012433	879	880	-3.60758218184
NM_012433	885	888	-7.21516436369
NM_012433	895	896	-3.60758218184
NM_012433	914	916	-5.41137327277
NM_012433	947	953	-12.6265376365
NM_012433	962	963	-3.60758218184
NM_012433	968	969	-3.60758218184
NM_012433	995	996	-3.60758218184
NM_012433	1000	1002	-5.41137327277
NM_012433	1011	1013	-5.41137327277
NM_012433	1015	1017	-5.41137327277
NM_012433	1044	1045	-3.60758218184
NM_012433	1083	1086	-7.21516436369
NM_012433	1095	1096	-3.60758218184
NM_012433	1100	1103	-7.21516436369
NM_012433	1133	1135	-5.41137327277
NM_012433	1137	1138	-3.60758218184
NM_012433	1147	1148	-3.60758218184
NM_012433	1153	1154	-3.60758218184
NM_012433	1163	1165	-5.41137327277
NM_012433	1174	1175	-3.60758218184
NM_012433	1181	1183	-5.41137327277
NM_012433	1200	1201	-3.60758218184
NM_012433	1208	1209	-3.60758218184
NM_012433	1245	1246	-3.60758218184
NM_012433	1249	1250	-3.60758218184
NM_012433	1255	1256	-3.60758218184
NM_012433	1259	1260	-3.60758218184
NM_012433	1267	1268	-3.60758218184
NM_012433	1270	1271	-3.60758218184
NM_012433	1274	1275	-3.60758218184
NM_012433	1284	1286	-5.41137327277
NM_012433	1295	1297	-5.41137327277
NM_012433	1304	1305	-3.60758218184
NM_012433	1309	1311	-5.41137327277
NM_012433	1316	1317	-3.60758218184
NM_012433	1321	1323	-5.41137327277
NM_012433	1334	1337	-7.21516436369
NM_012433	1355	1356	-3.60758218184
NM_012433	1380	1381	-3.60758218184
NM_012433	1393	1395	-5.41137327277
NM_012433	1404	1405	-3.60758218184
NM_012433	1410	1411	-3.60758218184
NM_012433	1426	1429	-7.21516436369
NM_012433	1435	1437	-5.41137327277
NM_012433	1449	1454	-10.8227465455
NM_012433	1463	1464	-3.60758218184
NM_012433	1489	1490	-3.60758218184
NM_012433	1504	1505	-3.60758218184
NM_012433	1507	1508	-3.60758218184
NM_012433	1513	1516	-7.21516436369
NM_012433	1551	1552	-3.60758218184
NM_012433	1555	1556	-3.60758218184
NM_012433	1572	1573	-3.60758218184
NM_012433	1575	1576	-3.60758218184
NM_012433	1590	1592	-5.41137327277
NM_012433	1594	1596	-5.41137327277
NM_012433	1603	1604	-3.60758218184
NM_012433	1615	1617	-5.41137327277
NM_012433	1625	1630	-10.8227465455
NM_012433	1656	1658	-5.41137327277
NM_012433	1689	1690	-3.60758218184
NM_012433	1704	1707	-7.21516436369
NM_012433	1709	1710	-3.60758218184
NM_012433	1714	1715	-3.60758218184
NM_012433	1719	1720	-3.60758218184
NM_012433	1725	1726	-3.60758218184
NM_012433	1745	1746	-3.60758218184
NM_012433	1784	1785	-3.60758218184
NM_012433	1788	1793	-10.8227465455
NM_012433	1798	1802	-9.01895545461
NM_012433	1847	1848	-3.60758218184
NM_012433	1854	1858	-9.01895545461
NM_012433	1869	1870	-3.60758218184
NM_012433	1881	1883	-5.41137327277
NM_012433	1902	1903	-3.60758218184
NM_012433	1917	1919	-5.41137327277
NM_012433	1930	1931	-3.60758218184
NM_012433	1933	1934	-3.60758218184
NM_012433	1961	1962	-3.60758218184
NM_012433	1974	1975	-3.60758218184
NM_012433	1994	1995	-3.60758218184
NM_012433	2014	2015	-3.60758218184
NM_012433	2047	2048	-3.60758218184
NM_012433	2051	2052	-3.60758218184
NM_012433	2054	2055	-3.60758218184
NM_012433	2057	2058	-3.60758218184
NM_012433	2060	2062	-5.41137327277
NM_012433	2066	2067	-3.60758218184
NM_012433	2070	2072	-5.41137327277
NM_012433	2126	2127	-3.60758218184
NM_012433	2134	2136	-5.41137327277
NM_012433	2138	2139	-3.60758218184
NM_012433	2147	2148	-3.60758218184
NM_012433	2150	2151	-3.60758218184
NM_012433	2155	2157	-5.41137327277
NM_012433	2159	2161	-5.41137327277
NM_012433	2171	2175	-9.01895545461
NM_012433	2178	2179	-3.60758218184
NM_012433	2188	2189	-3.60758218184
NM_012433	2198	2203	-10.8227465455
NM_012433	2222	2224	-5.41137327277
NM_012433	2289	2290	-3.60758218184
NM_012433	2293	2295	-5.41137327277
NM_012433	2310	2311	-3.60758218184
NM_012433	2315	2317	-5.41137327277
NM_012433	2320	2322	-5.41137327277
NM_012433	2327	2328	-3.60758218184
NM_012433	2341	2343	-5.41137327277
NM_012433	2349	2350	-3.60758218184
NM_012433	2355	2356	-3.60758218184
NM_012433	2366	2367	-3.60758218184
NM_012433	2397	2399	-5.41137327277
NM_012433	2405	2406	-3.60758218184
NM_012433	2414	2416	-5.41137327277
NM_012433	2418	2419	-3.60758218184
NM_012433	2446	2447	-3.60758218184
NM_012433	2496	2499	-7.21516436369
NM_012433	2503	2504	-3.60758218184
NM_012433	2506	2507	-3.60758218184
NM_012433	2516	2517	-3.60758218184
NM_012433	2542	2543	-3.60758218184
NM_012433	2545	2547	-5.41137327277
NM_012433	2551	2552	-3.60758218184
NM_012433	2556	2557	-3.60758218184
NM_012433	2562	2563	-3.60758218184
NM_012433	2568	2569	-3.60758218184
NM_012433	2604	2605	-3.60758218184
NM_012433	2612	2614	-5.41137327277
NM_012433	2624	2625	-3.60758218184
NM_012433	2627	2628	-3.60758218184
NM_012433	2649	2656	-14.4303287274
NM_012433	2672	2673	-3.60758218184
NM_012433	2687	2689	-5.41137327277
NM_012433	2725	2726	-3.60758218184
NM_012433	2748	2750	-5.41137327277
NM_012433	2752	2753	-3.60758218184
NM_012433	2774	2775	-3.60758218184
NM_012433	2785	2786	-3.60758218184
NM_012433	2789	2792	-7.21516436369
NM_012433	2794	2795	-3.60758218184
NM_012433	2805	2808	-7.21516436369
NM_012433	2812	2813	-3.60758218184
NM_012433	2818	2820	-5.41137327277
NM_012433	2838	2839	-3.60758218184
NM_012433	2857	2858	-3.60758218184
NM_012433	2869	2870	-3.60758218184
NM_012433	2872	2873	-3.60758218184
NM_012433	2877	2878	-3.60758218184
NM_012433	2884	2885	-3.60758218184
NM_012433	2888	2891	-7.21516436369
NM_012433	2923	2926	-7.21516436369
NM_012433	2928	2929	-3.60758218184
NM_012433	2936	2937	-3.60758218184
NM_012433	2940	2941	-3.60758218184
NM_012433	2946	2949	-7.21516436369
NM_012433	2964	2966	-5.41137327277
NM_012433	2971	2972	-3.60758218184
NM_012433	2976	2980	-9.01895545461
NM_012433	2987	2988	-3.60758218184
NM_012433	3001	3002	-3.60758218184
NM_012433	3005	3006	-3.60758218184
NM_012433	3011	3012	-3.60758218184
NM_012433	3023	3024	-3.60758218184
NM_012433	3033	3034	-3.60758218184
NM_012433	3038	3040	-5.41137327277
NM_012433	3055	3056	-3.60758218184
NM_012433	3071	3072	-3.60758218184
NM_012433	3082	3083	-3.60758218184
NM_012433	3090	3091	-3.60758218184
NM_012433	3103	3105	-5.41137327277
NM_012433	3107	3109	-5.41137327277
NM_012433	3114	3116	-5.41137327277
NM_012433	3173	3176	-7.21516436369
NM_012433	3184	3186	-5.41137327277
NM_012433	3191	3192	-3.60758218184
NM_012433	3227	3228	-3.60758218184
NM_012433	3248	3249	-3.60758218184
NM_012433	3251	3252	-3.60758218184
NM_012433	3264	3267	-7.21516436369
NM_012433	3272	3273	-3.60758218184
NM_012433	3297	3298	-3.60758218184
NM_012433	3346	3347	-3.60758218184
NM_012433	3352	3354	-5.41137327277
NM_012433	3357	3358	-3.60758218184
NM_012433	3360	3363	-7.21516436369
NM_012433	3384	3385	-3.60758218184
NM_012433	3402	3403	-3.60758218184
NM_012433	3411	3414	-7.21516436369
NM_012433	3419	3422	-7.21516436369
NM_012433	3425	3428	-7.21516436369
NM_012433	3442	3447	-10.8227465455
NM_012433	3451	3452	-3.60758218184
NM_012433	3461	3462	-3.60758218184
NM_012433	3473	3475	-5.41137327277
NM_012433	3505	3506	-3.60758218184
NM_012433	3519	3520	-3.60758218184
NM_012433	3522	3523	-3.60758218184
NM_012433	3527	3528	-3.60758218184
NM_012433	3548	3550	-5.41137327277
NM_012433	3572	3574	-5.41137327277
NM_012433	3602	3603	-3.60758218184
NM_012433	3615	3616	-3.60758218184
NM_012433	3631	3636	-10.8227465455
NM_012433	3653	3655	-5.41137327277
NM_012433	3662	3663	-3.60758218184
NM_012433	3675	3676	-3.60758218184
NM_012433	3678	3679	-3.60758218184
NM_012433	3689	3691	-5.41137327277
NM_012433	3714	3715	-3.60758218184
NM_012433	3737	3738	-3.60758218184
NM_012433	3760	3761	-3.60758218184
NM_012433	3795	3796	-3.60758218184
NM_012433	3801	3802	-3.60758218184
NM_012433	3804	3805	-3.60758218184
NM_012433	3807	3809	-5.41137327277
NM_012433	3813	3821	-16.2341198183
NM_012433	3835	3837	-5.41137327277
NM_012433	3839	3840	-3.60758218184
NM_012433	3865	3868	-7.21516436369
NM_012433	3885	3886	-3.60758218184
NM_012433	3906	3911	-10.8227465455
NM_012433	3913	3914	-3.60758218184
NM_012433	3917	3918	-3.60758218184
NM_012433	3920	3921	-3.60758218184
NM_012433	3924	3928	-9.01895545461
NM_012433	3932	3936	-9.01895545461
NM_012433	3939	3940	-3.60758218184
NM_012433	3956	3957	-3.60758218184
NM_012433	3968	3970	-5.41137327277
NM_012433	3973	3974	-3.60758218184
NM_012433	3978	3980	-5.41137327277
NM_012433	3985	3987	-5.41137327277
NM_012433	3996	3997	-3.60758218184
NM_012433	4002	4004	-5.41137327277
NM_012433	4007	4008	-3.60758218184
NM_012433	4010	4011	-3.60758218184
NM_012433	4013	4015	-5.41137327277
NM_012433	4044	4045	-3.60758218184
NM_012433	4049	4053	-9.01895545461
NM_012433	4055	4056	-3.60758218184
NM_012433	4078	4080	-5.41137327277
NM_012433	4095	4097	-5.41137327277
NM_012433	4114	4115	-3.60758218184
NM_012433	4118	4119	-3.60758218184
NM_012433	4129	4130	-3.60758218184
NM_012433	4132	4134	-5.41137327277
NM_012433	4147	4156	-18.0379109092
NM_012433	4160	4161	-3.60758218184
NM_012433	4164	4169	-10.8227465455
NM_012433	4172	4174	-5.41137327277
NM_012433	4180	4189	-18.0379109092
NM_012433	4191	4193	-5.41137327277
NM_012433	4200	4206	-12.6265376365
NM_012433	4208	4211	-7.21516436369
NM_012433	4223	4226	-7.21516436369
NM_012433	4228	4234	-12.6265376365
NM_012433	4236	4238	-5.41137327277
