reference	start	end	pvalue
chr2:198257160-198257720	1	78	-3.25463435522
chr2:198257160-198257720	80	155	-3.17118219227
chr2:198257160-198257720	157	229	-3.04600394784
chr2:198257160-198257720	231	320	-3.75534733295
chr2:198257160-198257720	322	334	-0.542439059204
chr2:198257160-198257720	336	363	-1.16833028136
chr2:198257160-198257720	365	374	-0.417260814772
chr2:198257160-198257720	376	380	-0.208630407386
chr2:198257160-198257720	382	387	-0.250356488863
chr2:198257160-198257720	389	411	-0.959699873976
chr2:198257160-198257720	414	446	-1.37696068875
chr2:198257160-198257720	448	461	-0.584165140681
chr2:198257887-198260804	3	6	-0.335939714335
chr2:198257887-198260804	8	35	-2.35157800035
chr2:198257887-198260804	37	72	-3.02345742902
chr2:198257887-198260804	74	85	-1.00781914301
chr2:198257887-198260804	87	244	-13.2696187162
chr2:198257887-198260804	246	291	-3.86330671485
chr2:198257887-198260804	293	295	-0.251954785751
chr2:198257887-198260804	297	301	-0.419924642919
chr2:198257887-198260804	303	304	-0.167969857168
chr2:198257887-198260804	306	309	-0.335939714335
chr2:198257887-198260804	311	317	-0.587894500086
chr2:198257887-198260804	322	327	-0.503909571503
chr2:198257887-198260804	332	333	-0.167969857168
chr2:198257887-198260804	339	340	-0.167969857168
chr2:198257887-198260804	347	349	-0.251954785751
chr2:198257887-198260804	351	355	-0.419924642919
chr2:198257887-198260804	359	360	-0.167969857168
chr2:198257887-198260804	362	367	-0.503909571503
chr2:198257887-198260804	369	373	-0.419924642919
chr2:198257887-198260804	375	376	-0.167969857168
chr2:198257887-198260804	380	383	-0.335939714335
chr2:198257887-198260804	388	398	-0.923834214421
chr2:198257887-198260804	402	411	-0.839849285838
chr2:198257887-198260804	413	420	-0.67187942867
chr2:198257887-198260804	422	426	-0.419924642919
chr2:198257887-198260804	428	429	-0.167969857168
chr2:198257887-198260804	432	436	-0.419924642919
chr2:198257887-198260804	438	452	-1.25977392876
chr2:198257887-198260804	471	475	-0.419924642919
chr2:198257887-198260804	479	481	-0.251954785751
chr2:198257887-198260804	484	490	-0.587894500086
chr2:198257887-198260804	493	494	-0.167969857168
chr2:198257887-198260804	508	510	-0.251954785751
chr2:198257887-198260804	512	519	-0.67187942867
chr2:198257887-198260804	523	530	-0.67187942867
chr2:198257887-198260804	533	577	-3.77932178627
chr2:198257887-198260804	580	583	-0.335939714335
chr2:198257887-198260804	589	751	-13.6895433592
chr2:198257887-198260804	753	755	-0.251954785751
chr2:198257887-198260804	757	761	-0.419924642919
chr2:198257887-198260804	763	774	-1.00781914301
chr2:198257887-198260804	781	783	-0.251954785751
chr2:198257887-198260804	785	794	-0.839849285838
chr2:198257887-198260804	797	809	-1.09180407159
chr2:198257887-198260804	811	812	-0.167969857168
chr2:198257887-198260804	815	816	-0.167969857168
chr2:198257887-198260804	818	840	-1.93165335743
chr2:198257887-198260804	842	885	-3.69533685769
chr2:198257887-198260804	901	910	-0.839849285838
chr2:198257887-198260804	914	927	-1.17578900017
chr2:198257887-198260804	929	934	-0.503909571503
chr2:198257887-198260804	939	942	-0.335939714335
chr2:198257887-198260804	944	945	-0.167969857168
chr2:198257887-198260804	951	952	-0.167969857168
chr2:198257887-198260804	956	960	-0.419924642919
chr2:198257887-198260804	962	966	-0.419924642919
chr2:198257887-198260804	970	973	-0.335939714335
chr2:198257887-198260804	975	978	-0.335939714335
chr2:198257887-198260804	980	981	-0.167969857168
chr2:198257887-198260804	983	986	-0.335939714335
chr2:198257887-198260804	988	996	-0.755864357254
chr2:198257887-198260804	998	1091	-7.89458328687
chr2:198257887-198260804	1093	1203	-9.3223270728
chr2:198257887-198260804	1205	1217	-1.09180407159
chr2:198257887-198260804	1219	1230	-1.00781914301
chr2:198257887-198260804	1232	1267	-3.02345742902
chr2:198257887-198260804	1269	1296	-2.35157800035
chr2:198257887-198260804	1298	1456	-13.3536036448
chr2:198257887-198260804	1458	1460	-0.251954785751
chr2:198257887-198260804	1467	1468	-0.167969857168
chr2:198257887-198260804	1478	1479	-0.167969857168
chr2:198257887-198260804	1485	1490	-0.503909571503
chr2:198257887-198260804	1492	1493	-0.167969857168
chr2:198257887-198260804	1495	1497	-0.251954785751
chr2:198257887-198260804	1499	1505	-0.587894500086
chr2:198257887-198260804	1512	1514	-0.251954785751
chr2:198257887-198260804	1517	1518	-0.167969857168
chr2:198257887-198260804	1522	1523	-0.167969857168
chr2:198257887-198260804	1525	1527	-0.251954785751
chr2:198257887-198260804	1529	1582	-4.53518614352
chr2:198257887-198260804	1584	1587	-0.335939714335
chr2:198257887-198260804	1590	1594	-0.419924642919
chr2:198257887-198260804	1600	1601	-0.167969857168
chr2:198257887-198260804	1603	1604	-0.167969857168
chr2:198257887-198260804	1620	1625	-0.503909571503
chr2:198257887-198260804	1627	1631	-0.419924642919
chr2:198257887-198260804	1636	1661	-2.18360814318
chr2:198257887-198260804	1665	1666	-0.167969857168
chr2:198257887-198260804	1668	2094	-35.8615645053
chr2:198257887-198260804	2096	2128	-2.77150264326
chr2:198257887-198260804	2130	2153	-2.01563828601
chr2:198257887-198260804	2155	2166	-1.00781914301
chr2:198257887-198260804	2168	2171	-0.335939714335
chr2:198257887-198260804	2173	2245	-6.13089978661
chr2:198257887-198260804	2247	2272	-2.18360814318
chr2:198257887-198260804	2274	2326	-4.45120121494
chr2:198257887-198260804	2328	2340	-1.09180407159
chr2:198257887-198260804	2342	2378	-3.1074423576
chr2:198257887-198260804	2380	2410	-2.6035327861
chr2:198257887-198260804	2412	2423	-1.00781914301
chr2:198257887-198260804	2425	2426	-0.167969857168
chr2:198257887-198260804	2428	2463	-3.02345742902
chr2:198257887-198260804	2465	2722	-21.6681115746
chr2:198257887-198260804	2724	2776	-4.45120121494
chr2:198257887-198260804	2778	2832	-4.61917107211
chr2:198261027-198262733	1	927	-11.0853145285
chr2:198261027-198262733	929	984	-0.669663013587
chr2:198261027-198262733	986	1241	-3.06131663354
chr2:198261027-198262733	1243	1281	-0.466372455891
chr2:198261027-198262733	1283	1288	-0.0717496085986
chr2:198261027-198262733	1292	1297	-0.0717496085986
chr2:198261027-198262733	1299	1352	-0.645746477387
chr2:198261027-198262733	1354	1356	-0.0358748042993
chr2:198261027-198262733	1362	1364	-0.0358748042993
chr2:198261027-198262733	1368	1370	-0.0358748042993
chr2:198261027-198262733	1372	1458	-1.04036932468
chr2:198261027-198262733	1461	1463	-0.0358748042993
chr2:198261027-198262733	1465	1508	-0.52616379639
chr2:198262815-198263209	1	37	-0.57299378692
chr2:198262815-198263209	39	164	-1.95127613924
chr2:198262815-198263209	166	262	-1.50217290084
chr2:198263280-198264803	1	79	-2.44956602206
chr2:198263280-198264803	81	141	-1.89143705501
chr2:198263280-198264803	143	193	-1.58136540664
chr2:198263280-198264803	195	322	-3.96891709903
chr2:198263280-198264803	324	414	-2.82165200009
chr2:198263280-198264803	416	421	-0.186042989017
chr2:198263280-198264803	423	427	-0.155035824181
chr2:198263280-198264803	429	436	-0.248057318689
chr2:198263280-198264803	438	504	-2.07748004402
chr2:198263280-198264803	506	510	-0.155035824181
chr2:198263280-198264803	512	513	-0.0620143296723
chr2:198263280-198264803	515	519	-0.155035824181
chr2:198263280-198264803	521	556	-1.1162579341
chr2:198263280-198264803	558	622	-2.01546571435
chr2:198263280-198264803	624	665	-1.30230092312
chr2:198263280-198264803	667	677	-0.341078813198
chr2:198263280-198264803	679	688	-0.310071648362
chr2:198263280-198264803	690	715	-0.80618628574
chr2:198263280-198264803	717	749	-1.02323643959
chr2:198263280-198264803	751	767	-0.527121802215
chr2:198263280-198264803	769	782	-0.434100307706
chr2:198263280-198264803	784	932	-4.62006756059
chr2:198263280-198264803	934	985	-1.61237257148
chr2:198263280-198264803	987	1056	-2.17050153853
chr2:198263280-198264803	1058	1064	-0.217050153853
chr2:198263280-198264803	1066	1109	-1.36431525279
chr2:198263280-198264803	1111	1153	-1.33330808796
chr2:198263280-198264803	1155	1191	-1.14726509894
chr2:198263280-198264803	1193	1228	-1.1162579341
chr2:198263280-198264803	1230	1262	-1.02323643959
chr2:198263280-198264803	1264	1340	-2.38755169238
chr2:198263280-198264803	1342	1346	-0.155035824181
chr2:198263280-198264803	1348	1379	-0.992229274757
chr2:198265133-198265463	1	32	-2.43810448896
chr2:198265133-198265463	34	68	-2.6666767848
chr2:198265133-198265463	70	93	-1.82857836672
chr2:198265133-198265463	95	100	-0.45714459168
chr2:198265133-198265463	102	120	-1.44762454032
chr2:198265133-198265463	122	130	-0.68571688752
chr2:198265133-198265463	132	180	-3.73334749872
chr2:198265133-198265463	182	265	-6.40002428352
chr2:198266829-198267304	2	6	-0.291426441726
chr2:198266829-198267304	8	33	-1.51541749697
chr2:198266829-198267304	35	56	-1.28227634359
chr2:198266829-198267304	60	78	-1.10742047856
chr2:198266829-198267304	80	139	-3.49711730071
chr2:198266829-198267304	141	179	-2.27312624546
chr2:198266829-198267304	181	186	-0.349711730071
chr2:198266829-198267304	188	197	-0.582852883452
chr2:198266829-198267304	199	209	-0.641138171797
chr2:198266829-198267304	211	322	-6.52795229466
chr2:198266829-198267304	324	374	-2.9725497056
chr2:198267734-198268333	1	28	-0.281068946662
chr2:198267734-198268333	30	47	-0.180687179997
chr2:198267734-198268333	49	92	-0.441679773326
chr2:198267734-198268333	94	181	-0.883359546651
chr2:198268463-198269824	1	35	-2.2117759895
chr2:198268463-198269824	37	106	-4.42355197901
chr2:198268463-198269824	108	395	-18.1997567136
chr2:198268463-198269824	397	539	-9.03668475711
chr2:198268463-198269824	541	548	-0.505548797601
chr2:198268463-198269824	550	555	-0.3791615982
chr2:198268463-198269824	557	559	-0.1895807991
chr2:198268463-198269824	566	571	-0.3791615982
chr2:198268463-198269824	573	577	-0.3159679985
chr2:198268463-198269824	579	589	-0.695129596701
chr2:198268463-198269824	592	611	-1.263871994
chr2:198268463-198269824	613	616	-0.2527743988
chr2:198268463-198269824	618	623	-0.3791615982
chr2:198268463-198269824	625	630	-0.3791615982
chr2:198268463-198269824	634	635	-0.1263871994
chr2:198268463-198269824	638	639	-0.1263871994
chr2:198268463-198269824	643	645	-0.1895807991
chr2:198268463-198269824	647	648	-0.1263871994
chr2:198268463-198269824	653	668	-1.0110975952
chr2:198268463-198269824	670	692	-1.4534527931
chr2:198268463-198269824	696	697	-0.1263871994
chr2:198268463-198269824	701	710	-0.631935997001
chr2:198268463-198269824	712	739	-1.7694207916
chr2:198268463-198269824	741	742	-0.1263871994
chr2:198268463-198269824	744	758	-0.947903995501
chr2:198268463-198269824	760	783	-1.5166463928
chr2:198268463-198269824	785	792	-0.505548797601
chr2:198268463-198269824	794	887	-5.94019837181
chr2:198268463-198269824	889	918	-1.895807991
chr2:198268463-198269824	920	1096	-11.1852671469
chr2:198268463-198269824	1098	1125	-1.7694207916
chr2:198268463-198269824	1127	1225	-6.25616637031
chr2:198268463-198269824	1227	1255	-1.8326143913
chr2:198270171-198272746	1	195	-4.02477947246
chr2:198270171-198272746	197	520	-6.68732589269
chr2:198270171-198272746	522	557	-0.743036210299
chr2:198270171-198272746	559	710	-3.13726399904
chr2:198270171-198272746	712	727	-0.330238315689
chr2:198270171-198272746	729	735	-0.144479263114
chr2:198270171-198272746	738	922	-3.81838052515
chr2:198270171-198272746	924	1331	-8.42107705006
chr2:198270171-198272746	1333	1335	-0.0619196841916
chr2:198270171-198272746	1337	1343	-0.144479263114
chr2:198270171-198272746	1345	1499	-3.19918368323
chr2:198270171-198272746	1501	1502	-0.0412797894611
chr2:198270171-198272746	1504	1511	-0.165119157844
chr2:198270171-198272746	1520	1522	-0.0619196841916
chr2:198270171-198272746	1524	1531	-0.165119157844
chr2:198270171-198272746	1537	1566	-0.619196841916
chr2:198270171-198272746	1568	1613	-0.949435157605
chr2:198270171-198272746	1615	1754	-2.88958526228
chr2:198270171-198272746	1756	1890	-2.78638578862
chr2:198270171-198272746	1892	1932	-0.846235683952
chr2:198270171-198272746	1934	1944	-0.227038842036
chr2:198270171-198272746	1948	1993	-0.949435157605
chr2:198270171-198272746	1995	2065	-1.46543252587
chr2:198270171-198272746	2068	2073	-0.123839368383
chr2:198270171-198272746	2075	2096	-0.454077684072
chr2:198270171-198272746	2099	2104	-0.123839368383
chr2:198273280-198274518	1	220	-8.90741609157
chr2:198273280-198274518	222	232	-0.445370804578
chr2:198273280-198274518	234	238	-0.202441274808
chr2:198273280-198274518	240	297	-2.34831878778
chr2:198273280-198274518	299	317	-0.769276844272
chr2:198273280-198274518	319	615	-12.0250117236
chr2:198273280-198274518	617	619	-0.121464764885
chr2:198273280-198274518	621	640	-0.809765099233
chr2:198273280-198274518	642	669	-1.13367113893
chr2:198273280-198274518	671	677	-0.283417784732
chr2:198273280-198274518	681	697	-0.688300334348
chr2:198273280-198274518	699	701	-0.121464764885
chr2:198273280-198274518	704	707	-0.161953019847
chr2:198273280-198274518	709	710	-0.0809765099233
chr2:198273280-198274518	712	719	-0.323906039693
chr2:198273280-198274518	722	724	-0.121464764885
chr2:198273280-198274518	726	727	-0.0809765099233
chr2:198273280-198274518	731	732	-0.0809765099233
chr2:198273280-198274518	734	735	-0.0809765099233
chr2:198273280-198274518	737	739	-0.121464764885
chr2:198273280-198274518	741	744	-0.161953019847
chr2:198273280-198274518	746	747	-0.0809765099233
chr2:198273280-198274518	754	758	-0.202441274808
chr2:198273280-198274518	760	764	-0.202441274808
chr2:198273280-198274518	766	789	-0.97171811908
chr2:198273280-198274518	791	813	-0.931229864118
chr2:198273280-198274518	815	818	-0.161953019847
chr2:198274706-198281489	1	505	-46.271031554
chr2:198274706-198281489	507	511	-0.458129025288
chr2:198274706-198281489	513	515	-0.274877415173
chr2:198274706-198281489	517	518	-0.183251610115
chr2:198274706-198281489	528	529	-0.183251610115
chr2:198274706-198281489	533	545	-1.19113546575
chr2:198274706-198281489	547	570	-2.19901932138
chr2:198274706-198281489	572	574	-0.274877415173
chr2:198274706-198281489	576	583	-0.73300644046
chr2:198274706-198281489	586	588	-0.274877415173
chr2:198274706-198281489	590	597	-0.73300644046
chr2:198274706-198281489	602	605	-0.36650322023
chr2:198274706-198281489	608	611	-0.36650322023
chr2:198274706-198281489	616	618	-0.274877415173
chr2:198274706-198281489	620	625	-0.549754830345
chr2:198274706-198281489	630	635	-0.549754830345
chr2:198274706-198281489	639	643	-0.458129025288
chr2:198274706-198281489	645	661	-1.55763868598
chr2:198274706-198281489	663	664	-0.183251610115
chr2:198274706-198281489	669	671	-0.274877415173
chr2:198274706-198281489	673	692	-1.83251610115
chr2:198274706-198281489	694	696	-0.274877415173
chr2:198274706-198281489	699	700	-0.183251610115
chr2:198274706-198281489	704	711	-0.73300644046
chr2:198274706-198281489	713	720	-0.73300644046
chr2:198274706-198281489	722	723	-0.183251610115
chr2:198274706-198281489	745	746	-0.183251610115
chr2:198274706-198281489	751	752	-0.183251610115
chr2:198274706-198281489	772	774	-0.274877415173
chr2:198274706-198281489	776	787	-1.09950966069
chr2:198274706-198281489	789	793	-0.458129025288
chr2:198274706-198281489	795	799	-0.458129025288
chr2:198274706-198281489	803	804	-0.183251610115
chr2:198274706-198281489	814	815	-0.183251610115
chr2:198274706-198281489	817	819	-0.274877415173
chr2:198274706-198281489	821	984	-15.0266320294
chr2:198274706-198281489	986	1406	-38.5744639292
chr2:198274706-198281489	1408	1410	-0.274877415173
chr2:198274706-198281489	1415	1421	-0.641380635403
chr2:198274706-198281489	1423	1424	-0.183251610115
chr2:198274706-198281489	1426	1436	-1.00788385563
chr2:198274706-198281489	1444	1447	-0.36650322023
chr2:198274706-198281489	1450	1454	-0.458129025288
chr2:198274706-198281489	1456	1460	-0.458129025288
chr2:198274706-198281489	1467	1468	-0.183251610115
chr2:198274706-198281489	1470	1539	-6.41380635403
chr2:198274706-198281489	1541	1553	-1.19113546575
chr2:198274706-198281489	1564	1565	-0.183251610115
chr2:198274706-198281489	1576	1579	-0.36650322023
chr2:198274706-198281489	1581	1588	-0.73300644046
chr2:198274706-198281489	1592	1593	-0.183251610115
chr2:198274706-198281489	1595	1605	-1.00788385563
chr2:198274706-198281489	1607	1608	-0.183251610115
chr2:198274706-198281489	1614	1836	-20.4325545278
chr2:198274706-198281489	1838	1844	-0.641380635403
chr2:198274706-198281489	1846	1907	-5.68079991357
chr2:198274706-198281489	1911	1972	-5.68079991357
chr2:198274706-198281489	1974	1981	-0.73300644046
chr2:198274706-198281489	1983	1990	-0.73300644046
chr2:198274706-198281489	1992	2073	-7.51331601472
chr2:198274706-198281489	2077	2081	-0.458129025288
chr2:198274706-198281489	2086	2088	-0.274877415173
chr2:198274706-198281489	2090	2093	-0.36650322023
chr2:198274706-198281489	2095	2111	-1.55763868598
chr2:198274706-198281489	2113	2145	-3.0236515669
chr2:198274706-198281489	2148	2364	-19.8827996975
chr2:198274706-198281489	2366	2368	-0.274877415173
chr2:198274706-198281489	2372	2415	-4.03153542253
chr2:198274706-198281489	2417	2433	-1.55763868598
chr2:198274706-198281489	2435	2441	-0.641380635403
chr2:198274706-198281489	2446	2448	-0.274877415173
chr2:198274706-198281489	2452	2455	-0.36650322023
chr2:198274706-198281489	2460	2461	-0.183251610115
chr2:198274706-198281489	2467	2468	-0.183251610115
chr2:198274706-198281489	2470	2473	-0.36650322023
chr2:198274706-198281489	2489	2492	-0.36650322023
chr2:198274706-198281489	2509	2511	-0.274877415173
chr2:198274706-198281489	2551	2553	-0.274877415173
chr2:198274706-198281489	2555	2585	-2.84039995678
chr2:198274706-198281489	2588	2589	-0.183251610115
chr2:198274706-198281489	2591	2592	-0.183251610115
chr2:198274706-198281489	2594	2595	-0.183251610115
chr2:198274706-198281489	2597	2605	-0.824632245518
chr2:198274706-198281489	2607	2619	-1.19113546575
chr2:198274706-198281489	2621	2625	-0.458129025288
chr2:198274706-198281489	2627	2671	-4.12316122759
chr2:198274706-198281489	2673	2676	-0.36650322023
chr2:198274706-198281489	2678	2722	-4.12316122759
chr2:198274706-198281489	2726	2729	-0.36650322023
chr2:198274706-198281489	2731	2735	-0.458129025288
chr2:198274706-198281489	2739	2750	-1.09950966069
chr2:198274706-198281489	2752	2848	-8.88770309058
chr2:198274706-198281489	2856	2858	-0.274877415173
chr2:198274706-198281489	2864	2866	-0.274877415173
chr2:198274706-198281489	2868	2869	-0.183251610115
chr2:198274706-198281489	2871	2880	-0.916258050575
chr2:198274706-198281489	2882	2886	-0.458129025288
chr2:198274706-198281489	2888	2897	-0.916258050575
chr2:198274706-198281489	2899	2900	-0.183251610115
chr2:198274706-198281489	2904	2908	-0.458129025288
chr2:198274706-198281489	2913	2914	-0.183251610115
chr2:198274706-198281489	2918	2919	-0.183251610115
chr2:198274706-198281489	2921	2926	-0.549754830345
chr2:198274706-198281489	2928	3147	-20.1576771127
chr2:198274706-198281489	3149	3154	-0.549754830345
chr2:198274706-198281489	3156	3159	-0.36650322023
chr2:198274706-198281489	3161	3180	-1.83251610115
chr2:198274706-198281489	3186	3194	-0.824632245518
chr2:198274706-198281489	3196	3197	-0.183251610115
chr2:198274706-198281489	3201	3205	-0.458129025288
chr2:198274706-198281489	3207	3209	-0.274877415173
chr2:198274706-198281489	3211	3212	-0.183251610115
chr2:198274706-198281489	3214	3216	-0.274877415173
chr2:198274706-198281489	3231	3232	-0.183251610115
chr2:198274706-198281489	3234	3235	-0.183251610115
chr2:198274706-198281489	3239	3244	-0.549754830345
chr2:198274706-198281489	3246	3249	-0.36650322023
chr2:198274706-198281489	3255	3256	-0.183251610115
chr2:198274706-198281489	3258	3261	-0.36650322023
chr2:198274706-198281489	3265	3266	-0.183251610115
chr2:198274706-198281489	3271	3272	-0.183251610115
chr2:198274706-198281489	3274	3278	-0.458129025288
chr2:198274706-198281489	3283	3284	-0.183251610115
chr2:198274706-198281489	3286	3288	-0.274877415173
chr2:198274706-198281489	3290	3311	-2.01576771127
chr2:198274706-198281489	3313	3823	-46.8207863844
chr2:198274706-198281489	3825	3872	-4.39803864276
chr2:198274706-198281489	3874	3875	-0.183251610115
chr2:198274706-198281489	3877	3879	-0.274877415173
chr2:198274706-198281489	3881	3883	-0.274877415173
chr2:198274706-198281489	3885	3895	-1.00788385563
chr2:198274706-198281489	3897	3898	-0.183251610115
chr2:198274706-198281489	3903	3907	-0.458129025288
chr2:198274706-198281489	3911	3914	-0.36650322023
chr2:198274706-198281489	3918	3919	-0.183251610115
chr2:198274706-198281489	3928	3949	-2.01576771127
chr2:198274706-198281489	3953	3964	-1.09950966069
chr2:198274706-198281489	3968	3969	-0.183251610115
chr2:198274706-198281489	3971	3973	-0.274877415173
chr2:198274706-198281489	3975	4014	-3.6650322023
chr2:198274706-198281489	4018	4019	-0.183251610115
chr2:198274706-198281489	4023	4026	-0.36650322023
chr2:198274706-198281489	4028	4037	-0.916258050575
chr2:198274706-198281489	4039	4043	-0.458129025288
chr2:198274706-198281489	4045	4048	-0.36650322023
chr2:198274706-198281489	4053	4056	-0.36650322023
chr2:198274706-198281489	4058	4060	-0.274877415173
chr2:198274706-198281489	4068	4098	-2.84039995678
chr2:198274706-198281489	4103	4104	-0.183251610115
chr2:198274706-198281489	4106	4107	-0.183251610115
chr2:198274706-198281489	4115	4745	-57.8158829913
chr2:198274706-198281489	4747	5329	-53.4178443485
chr2:198274706-198281489	5333	5340	-0.73300644046
chr2:198274706-198281489	5342	5344	-0.274877415173
chr2:198274706-198281489	5347	5352	-0.549754830345
chr2:198274706-198281489	5355	5360	-0.549754830345
chr2:198274706-198281489	5364	5366	-0.274877415173
chr2:198274706-198281489	5368	5379	-1.09950966069
chr2:198274706-198281489	5385	5390	-0.549754830345
chr2:198274706-198281489	5397	5400	-0.36650322023
chr2:198274706-198281489	5406	5407	-0.183251610115
chr2:198274706-198281489	5416	5421	-0.549754830345
chr2:198274706-198281489	5423	5437	-1.37438707586
chr2:198274706-198281489	5440	5442	-0.274877415173
chr2:198274706-198281489	5463	5479	-1.55763868598
chr2:198274706-198281489	5483	5484	-0.183251610115
chr2:198274706-198281489	5486	5490	-0.458129025288
chr2:198274706-198281489	5492	5496	-0.458129025288
chr2:198274706-198281489	5500	5509	-0.916258050575
chr2:198274706-198281489	5511	5519	-0.824632245518
chr2:198274706-198281489	5521	5712	-17.592154571
chr2:198274706-198281489	5715	5727	-1.19113546575
chr2:198274706-198281489	5749	5752	-0.36650322023
chr2:198274706-198281489	5761	5955	-17.8670319862
chr2:198274706-198281489	5957	5964	-0.73300644046
chr2:198274706-198281489	5966	5975	-0.916258050575
chr2:198274706-198281489	5977	6004	-2.56552254161
chr2:198274706-198281489	6006	6008	-0.274877415173
chr2:198274706-198281489	6010	6370	-33.0769156258
chr2:198281610-198283257	1	318	-27.9230519709
chr2:198281610-198283257	320	574	-22.3911265805
chr2:198281610-198283257	576	584	-0.790275055781
chr2:198281610-198283257	586	615	-2.63425018594
chr2:198281610-198283257	617	620	-0.351233358125
chr2:198281610-198283257	628	746	-10.4491924042
chr2:198281610-198283257	748	810	-5.53192539047
chr2:198281610-198283257	812	903	-8.07836723687
chr2:198281610-198283257	905	1064	-14.049334325
chr2:198281610-198283257	1067	1071	-0.439041697656
chr2:198281610-198283257	1073	1078	-0.526850037187
chr2:198281610-198283257	1080	1082	-0.263425018594
chr2:198281610-198283257	1084	1106	-2.01959180922
chr2:198281610-198283257	1108	1113	-0.526850037187
chr2:198281610-198283257	1115	1119	-0.439041697656
chr2:198281610-198283257	1165	1174	-0.878083395312
chr2:198281610-198283257	1178	1181	-0.351233358125
chr2:198281610-198283257	1183	1194	-1.05370007437
chr2:198281610-198283257	1196	1200	-0.439041697656
chr2:198281610-198283257	1202	1203	-0.175616679062
chr2:198281610-198283257	1206	1267	-5.44411705093
chr2:198281610-198283257	1269	1282	-1.22931675344
chr2:198281610-198283257	1284	1286	-0.263425018594
chr2:198281610-198283257	1288	1289	-0.175616679062
chr2:198281610-198283257	1292	1317	-2.28301682781
chr2:198283287-198283545	4	10	-15.1591778792
chr2:198283287-198283545	17	19	-6.49679051964
chr2:198283287-198283545	24	28	-10.8279841994
chr2:198283287-198283545	31	33	-6.49679051964
chr2:198283287-198283545	42	43	-4.33119367976
chr2:198283287-198283545	48	56	-19.4903715589
chr2:198283287-198283545	61	63	-6.49679051964
chr2:198283287-198283545	67	69	-6.49679051964
chr2:198283287-198283545	71	72	-4.33119367976
chr2:198283287-198283545	81	82	-4.33119367976
chr2:198283287-198283545	91	92	-4.33119367976
chr2:198283287-198283545	96	99	-8.66238735952
chr2:198283287-198283545	113	114	-4.33119367976
chr2:198283287-198283545	116	129	-30.3183557583
chr2:198283287-198283545	133	137	-10.8279841994
chr2:198283287-198283545	139	142	-8.66238735952
chr2:198283287-198283545	145	148	-8.66238735952
chr2:198283287-198283545	151	164	-30.3183557583
chr2:198283287-198283545	168	169	-4.33119367976
chr2:198283287-198283545	173	174	-4.33119367976
chr2:198283287-198283545	181	186	-12.9935810393
chr2:198283287-198283545	188	189	-4.33119367976
chr2:198283287-198283545	191	192	-4.33119367976
chr2:198283287-198283545	196	197	-4.33119367976
chr2:198283287-198283545	200	203	-8.66238735952
chr2:198283287-198283545	205	207	-6.49679051964
chr2:198283650-198285176	1	3	-3.48833425794
chr2:198283650-198285176	5	7	-3.48833425794
chr2:198283650-198285176	9	11	-3.48833425794
chr2:198283650-198285176	24	26	-3.48833425794
chr2:198283650-198285176	34	38	-5.81389042991
chr2:198283650-198285176	40	43	-4.65111234393
chr2:198283650-198285176	45	46	-2.32555617196
chr2:198283650-198285176	54	55	-2.32555617196
chr2:198283650-198285176	59	61	-3.48833425794
chr2:198283650-198285176	65	67	-3.48833425794
chr2:198283650-198285176	71	82	-13.9533370318
chr2:198283650-198285176	101	102	-2.32555617196
chr2:198283650-198285176	104	105	-2.32555617196
chr2:198283650-198285176	112	113	-2.32555617196
chr2:198283650-198285176	115	118	-4.65111234393
chr2:198283650-198285176	121	125	-5.81389042991
chr2:198283650-198285176	128	133	-6.97666851589
chr2:198283650-198285176	146	151	-6.97666851589
chr2:198283650-198285176	153	154	-2.32555617196
chr2:198283650-198285176	159	162	-4.65111234393
chr2:198283650-198285176	164	165	-2.32555617196
chr2:198283650-198285176	167	169	-3.48833425794
chr2:198283650-198285176	171	173	-3.48833425794
chr2:198283650-198285176	175	178	-4.65111234393
chr2:198283650-198285176	184	187	-4.65111234393
chr2:198283650-198285176	189	191	-3.48833425794
chr2:198283650-198285176	195	197	-3.48833425794
chr2:198283650-198285176	206	207	-2.32555617196
chr2:198283650-198285176	211	213	-3.48833425794
chr2:198283650-198285176	221	223	-3.48833425794
chr2:198283650-198285176	241	244	-4.65111234393
chr2:198283650-198285176	254	255	-2.32555617196
chr2:198283650-198285176	258	259	-2.32555617196
chr2:198283650-198285176	264	267	-4.65111234393
chr2:198283650-198285176	277	278	-2.32555617196
chr2:198283650-198285176	280	283	-4.65111234393
chr2:198283650-198285176	287	289	-3.48833425794
chr2:198283650-198285176	291	299	-10.4650027738
chr2:198283650-198285176	302	306	-5.81389042991
chr2:198283650-198285176	311	312	-2.32555617196
chr2:198283650-198285176	315	326	-13.9533370318
chr2:198283650-198285176	344	345	-2.32555617196
chr2:198283650-198285176	360	361	-2.32555617196
chr2:198283650-198285176	364	365	-2.32555617196
chr2:198283650-198285176	374	376	-3.48833425794
chr2:198283650-198285176	383	384	-2.32555617196
chr2:198283650-198285176	386	387	-2.32555617196
chr2:198283650-198285176	392	396	-5.81389042991
chr2:198283650-198285176	406	408	-3.48833425794
chr2:198283650-198285176	410	411	-2.32555617196
chr2:198283650-198285176	414	415	-2.32555617196
chr2:198283650-198285176	421	426	-6.97666851589
chr2:198283650-198285176	428	433	-6.97666851589
chr2:198283650-198285176	449	451	-3.48833425794
chr2:198283650-198285176	456	457	-2.32555617196
chr2:198283650-198285176	464	467	-4.65111234393
chr2:198283650-198285176	476	478	-3.48833425794
chr2:198283650-198285176	480	482	-3.48833425794
chr2:198283650-198285176	487	491	-5.81389042991
chr2:198283650-198285176	496	497	-2.32555617196
chr2:198283650-198285176	503	509	-8.13944660187
chr2:198283650-198285176	511	512	-2.32555617196
chr2:198283650-198285176	514	515	-2.32555617196
chr2:198283650-198285176	519	521	-3.48833425794
chr2:198283650-198285176	526	527	-2.32555617196
chr2:198283650-198285176	530	536	-8.13944660187
chr2:198283650-198285176	539	540	-2.32555617196
chr2:198283650-198285176	544	546	-3.48833425794
chr2:198283650-198285176	551	553	-3.48833425794
chr2:198283650-198285176	556	560	-5.81389042991
chr2:198283650-198285176	576	578	-3.48833425794
chr2:198283650-198285176	595	596	-2.32555617196
chr2:198283650-198285176	598	601	-4.65111234393
chr2:198283650-198285176	603	606	-4.65111234393
chr2:198283650-198285176	609	611	-3.48833425794
chr2:198283650-198285176	616	618	-3.48833425794
chr2:198283650-198285176	620	622	-3.48833425794
chr2:198283650-198285176	624	627	-4.65111234393
chr2:198283650-198285176	632	634	-3.48833425794
chr2:198283650-198285176	637	638	-2.32555617196
chr2:198283650-198285176	643	645	-3.48833425794
chr2:198283650-198285176	663	664	-2.32555617196
chr2:198283650-198285176	671	675	-5.81389042991
chr2:198283650-198285176	689	691	-3.48833425794
chr2:198283650-198285176	697	698	-2.32555617196
chr2:198283650-198285176	711	712	-2.32555617196
chr2:198283650-198285176	716	722	-8.13944660187
chr2:198283650-198285176	743	744	-2.32555617196
chr2:198283650-198285176	746	747	-2.32555617196
chr2:198283650-198285176	751	752	-2.32555617196
chr2:198283650-198285176	756	757	-2.32555617196
chr2:198283650-198285176	763	765	-3.48833425794
chr2:198283650-198285176	768	774	-8.13944660187
chr2:198283650-198285176	776	786	-12.7905589458
chr2:198283650-198285176	789	790	-2.32555617196
chr2:198283650-198285176	794	800	-8.13944660187
chr2:198283650-198285176	805	806	-2.32555617196
chr2:198283650-198285176	812	813	-2.32555617196
chr2:198283650-198285176	815	816	-2.32555617196
chr2:198283650-198285176	823	824	-2.32555617196
chr2:198283650-198285176	834	840	-8.13944660187
chr2:198283650-198285176	849	850	-2.32555617196
chr2:198283650-198285176	855	857	-3.48833425794
chr2:198283650-198285176	861	864	-4.65111234393
chr2:198283650-198285176	866	868	-3.48833425794
chr2:198283650-198285176	870	877	-9.30222468785
chr2:198283650-198285176	901	904	-4.65111234393
chr2:198283650-198285176	906	907	-2.32555617196
chr2:198283650-198285176	909	912	-4.65111234393
chr2:198283650-198285176	914	916	-3.48833425794
chr2:198283650-198285176	921	922	-2.32555617196
chr2:198283650-198285176	931	933	-3.48833425794
chr2:198283650-198285176	935	936	-2.32555617196
chr2:198283650-198285176	954	956	-3.48833425794
chr2:198283650-198285176	958	961	-4.65111234393
chr2:198283650-198285176	966	972	-8.13944660187
chr2:198283650-198285176	978	980	-3.48833425794
chr2:198283650-198285176	991	993	-3.48833425794
chr2:198283650-198285176	995	999	-5.81389042991
chr2:198283650-198285176	1001	1005	-5.81389042991
chr2:198283650-198285176	1007	1008	-2.32555617196
chr2:198283650-198285176	1011	1015	-5.81389042991
chr2:198283650-198285176	1017	1023	-8.13944660187
chr2:198283650-198285176	1025	1031	-8.13944660187
chr2:198283650-198285176	1036	1039	-4.65111234393
chr2:198283650-198285176	1041	1042	-2.32555617196
chr2:198283650-198285176	1052	1057	-6.97666851589
chr2:198283650-198285176	1070	1075	-6.97666851589
chr2:198283650-198285176	1078	1081	-4.65111234393
chr2:198283650-198285176	1083	1084	-2.32555617196
chr2:198283650-198285176	1086	1087	-2.32555617196
chr2:198283650-198285176	1096	1097	-2.32555617196
chr2:198283650-198285176	1101	1102	-2.32555617196
chr2:198283650-198285176	1108	1111	-4.65111234393
chr2:198283650-198285176	1113	1116	-4.65111234393
chr2:198283650-198285176	1118	1120	-3.48833425794
chr2:198283650-198285176	1127	1128	-2.32555617196
chr2:198283650-198285176	1132	1136	-5.81389042991
chr2:198283650-198285176	1142	1144	-3.48833425794
chr2:198283650-198285176	1152	1155	-4.65111234393
chr2:198283650-198285176	1159	1161	-3.48833425794
chr2:198283650-198285176	1164	1167	-4.65111234393
chr2:198283650-198285176	1169	1171	-3.48833425794
chr2:198283650-198285176	1177	1183	-8.13944660187
chr2:198283650-198285176	1185	1186	-2.32555617196
chr2:198283650-198285176	1206	1207	-2.32555617196
chr2:198283650-198285176	1217	1219	-3.48833425794
chr2:198283650-198285176	1223	1225	-3.48833425794
chr2:198283650-198285176	1228	1229	-2.32555617196
chr2:198283650-198285176	1231	1233	-3.48833425794
chr2:198283650-198285176	1235	1237	-3.48833425794
chr2:198283650-198285176	1244	1248	-5.81389042991
chr2:198283650-198285176	1250	1255	-6.97666851589
chr2:198283650-198285176	1257	1259	-3.48833425794
chr2:198283650-198285176	1268	1269	-2.32555617196
chr2:198283650-198285176	1273	1274	-2.32555617196
chr2:198283650-198285176	1296	1298	-3.48833425794
chr2:198283650-198285176	1314	1317	-4.65111234393
chr2:198283650-198285176	1322	1324	-3.48833425794
chr2:198283650-198285176	1328	1336	-10.4650027738
chr2:198283650-198285176	1338	1341	-4.65111234393
chr2:198283650-198285176	1344	1345	-2.32555617196
chr2:198283650-198285176	1356	1358	-3.48833425794
chr2:198283650-198285176	1362	1363	-2.32555617196
chr2:198283650-198285176	1366	1374	-10.4650027738
chr2:198283650-198285176	1376	1381	-6.97666851589
chr2:198283650-198285176	1399	1400	-2.32555617196
chr2:198283650-198285176	1402	1404	-3.48833425794
chr2:198283650-198285176	1408	1410	-3.48833425794
chr2:198283650-198285176	1413	1416	-4.65111234393
chr2:198283650-198285176	1423	1424	-2.32555617196
chr2:198283650-198285176	1429	1431	-3.48833425794
chr2:198283650-198285176	1433	1435	-3.48833425794
chr2:198283650-198285176	1437	1438	-2.32555617196
chr2:198283650-198285176	1442	1443	-2.32555617196
chr2:198283650-198285176	1452	1455	-4.65111234393
chr2:198283650-198285176	1457	1458	-2.32555617196
chr2:198283650-198285176	1464	1467	-4.65111234393
chr2:198283650-198285176	1472	1474	-3.48833425794
chr2:198285241-198285777	1	53	-2.21167160808
chr2:198285241-198285777	55	68	-0.584215141757
chr2:198285241-198285777	70	135	-2.75415709685
chr2:198285241-198285777	137	153	-0.709404100704
chr2:198285241-198285777	155	186	-1.33534889544
chr2:198285241-198285777	188	209	-0.918052365618
chr2:198285241-198285777	211	265	-2.29513091404
chr2:198285241-198285777	267	274	-0.333837223861
chr2:198285241-198285777	276	288	-0.542485488774
chr2:198285241-198285777	290	340	-2.12821230211
chr2:198285241-198285777	342	387	-1.9195640372
chr2:198285241-198285777	389	436	-2.00302334317
chr2:198285241-198285777	438	454	-0.709404100704
chr2:198285241-198285777	456	476	-0.876322712635
chr2:198285832-198288556	1	177	-13.0895859164
chr2:198285832-198288556	181	360	-13.3114433048
chr2:198285832-198288556	362	481	-8.87429553656
chr2:198285832-198288556	483	559	-5.69433963596
chr2:198285832-198288556	561	603	-3.1799559006
chr2:198285832-198288556	605	644	-2.95809851219
chr2:198285832-198288556	650	652	-0.221857388414
chr2:198285832-198288556	654	656	-0.221857388414
chr2:198285832-198288556	660	666	-0.517667239632
chr2:198285832-198288556	668	677	-0.739524628046
chr2:198285832-198288556	679	688	-0.739524628046
chr2:198285832-198288556	690	696	-0.517667239632
chr2:198285832-198288556	698	1113	-30.7642245267
chr2:198285832-198288556	1115	1121	-0.517667239632
chr2:198285832-198288556	1123	1499	-27.8800784774
chr2:198285832-198288556	1518	1519	-0.147904925609
chr2:198285832-198288556	1521	1522	-0.147904925609
chr2:198285832-198288556	1525	1526	-0.147904925609
chr2:198285832-198288556	1528	1530	-0.221857388414
chr2:198285832-198288556	1533	1535	-0.221857388414
chr2:198285832-198288556	1538	1539	-0.147904925609
chr2:198285832-198288556	1543	1545	-0.221857388414
chr2:198285832-198288556	1549	1553	-0.369762314023
chr2:198285832-198288556	1562	1566	-0.369762314023
chr2:198285832-198288556	1568	1575	-0.591619702437
chr2:198285832-198288556	1577	1578	-0.147904925609
chr2:198285832-198288556	1580	1582	-0.221857388414
chr2:198285832-198288556	1584	1586	-0.221857388414
chr2:198285832-198288556	1589	1591	-0.221857388414
chr2:198285832-198288556	1593	1627	-2.58833619816
chr2:198285832-198288556	1641	1643	-0.221857388414
chr2:198285832-198288556	1645	1648	-0.295809851219
chr2:198285832-198288556	1652	1654	-0.221857388414
chr2:198285832-198288556	1656	1657	-0.147904925609
chr2:198285832-198288556	1660	1661	-0.147904925609
chr2:198285832-198288556	1663	1691	-2.14462142133
chr2:198285832-198288556	1693	1721	-2.14462142133
chr2:198285832-198288556	1724	1780	-4.21529037986
chr2:198285832-198288556	1782	1866	-6.28595933839
chr2:198285832-198288556	1868	1972	-7.76500859449
chr2:198285832-198288556	1974	1992	-1.40509679329
chr2:198285832-198288556	1994	1998	-0.369762314023
chr2:198285832-198288556	2000	2004	-0.369762314023
chr2:198285832-198288556	2007	2010	-0.295809851219
chr2:198285832-198288556	2012	2013	-0.147904925609
chr2:198285832-198288556	2015	2022	-0.591619702437
chr2:198285832-198288556	2024	2070	-3.47576575182
chr2:198285832-198288556	2079	2080	-0.147904925609
chr2:198285832-198288556	2086	2087	-0.147904925609
chr2:198285832-198288556	2090	2091	-0.147904925609
chr2:198285832-198288556	2093	2104	-0.887429553656
chr2:198285832-198288556	2107	2109	-0.221857388414
chr2:198285832-198288556	2111	2113	-0.221857388414
chr2:198285832-198288556	2115	2146	-2.36647880975
chr2:198285832-198288556	2152	2153	-0.147904925609
chr2:198285832-198288556	2155	2165	-0.813477090851
chr2:198285832-198288556	2167	2168	-0.147904925609
chr2:198285832-198288556	2172	2200	-2.14462142133
chr2:198285832-198288556	2202	2203	-0.147904925609
chr2:198285832-198288556	2207	2210	-0.295809851219
chr2:198285832-198288556	2214	2219	-0.443714776828
chr2:198288673-198299720	1	390	-20.931052055
chr2:198288673-198299720	392	498	-5.74262197406
chr2:198288673-198299720	500	1079	-31.1282312612
chr2:198288673-198299720	1081	1108	-1.50274219882
chr2:198288673-198299720	1110	1238	-6.92334798742
chr2:198288673-198299720	1241	1243	-0.161008092731
chr2:198288673-198299720	1247	1249	-0.161008092731
chr2:198288673-198299720	1251	1256	-0.322016185461
chr2:198288673-198299720	1258	1259	-0.107338728487
chr2:198288673-198299720	1261	1262	-0.107338728487
chr2:198288673-198299720	1269	1271	-0.161008092731
chr2:198288673-198299720	1275	1276	-0.107338728487
chr2:198288673-198299720	1278	1279	-0.107338728487
chr2:198288673-198299720	1282	1291	-0.536693642435
chr2:198288673-198299720	1293	1308	-0.858709827896
chr2:198288673-198299720	1310	1321	-0.644032370922
chr2:198288673-198299720	1323	1336	-0.751371099409
chr2:198288673-198299720	1344	1347	-0.214677456974
chr2:198288673-198299720	1349	1350	-0.107338728487
chr2:198288673-198299720	1357	1358	-0.107338728487
chr2:198288673-198299720	1364	1365	-0.107338728487
chr2:198288673-198299720	1367	1369	-0.161008092731
chr2:198288673-198299720	1379	1380	-0.107338728487
chr2:198288673-198299720	1387	1391	-0.268346821218
chr2:198288673-198299720	1394	1397	-0.214677456974
chr2:198288673-198299720	1399	1406	-0.429354913948
chr2:198288673-198299720	1410	1419	-0.536693642435
chr2:198288673-198299720	1421	1424	-0.214677456974
chr2:198288673-198299720	1426	1428	-0.161008092731
chr2:198288673-198299720	1430	1431	-0.107338728487
chr2:198288673-198299720	1435	1439	-0.268346821218
chr2:198288673-198299720	1444	1448	-0.268346821218
chr2:198288673-198299720	1456	1458	-0.161008092731
chr2:198288673-198299720	1460	1463	-0.214677456974
chr2:198288673-198299720	1466	1468	-0.161008092731
chr2:198288673-198299720	1478	1804	-17.5498821076
chr2:198288673-198299720	1808	1820	-0.697701735166
chr2:198288673-198299720	1824	1825	-0.107338728487
chr2:198288673-198299720	1827	1844	-0.966048556384
chr2:198288673-198299720	1846	1859	-0.751371099409
chr2:198288673-198299720	1861	2355	-26.5663353005
chr2:198288673-198299720	2359	2365	-0.375685549705
chr2:198288673-198299720	2367	2368	-0.107338728487
chr2:198288673-198299720	2370	2371	-0.107338728487
chr2:198288673-198299720	2374	2381	-0.429354913948
chr2:198288673-198299720	2383	2397	-0.805040463653
chr2:198288673-198299720	2399	2411	-0.697701735166
chr2:198288673-198299720	2419	2422	-0.214677456974
chr2:198288673-198299720	2425	2432	-0.429354913948
chr2:198288673-198299720	2434	2447	-0.751371099409
chr2:198288673-198299720	2451	2453	-0.161008092731
chr2:198288673-198299720	2455	2665	-11.3242358554
chr2:198288673-198299720	2667	3742	-57.748235926
chr2:198288673-198299720	3744	3781	-2.03943584125
chr2:198288673-198299720	3783	3785	-0.161008092731
chr2:198288673-198299720	3787	3788	-0.107338728487
chr2:198288673-198299720	3796	3798	-0.161008092731
chr2:198288673-198299720	3814	3816	-0.161008092731
chr2:198288673-198299720	3818	3819	-0.107338728487
chr2:198288673-198299720	3821	3822	-0.107338728487
chr2:198288673-198299720	3824	3830	-0.375685549705
chr2:198288673-198299720	3832	3834	-0.161008092731
chr2:198288673-198299720	3836	3840	-0.268346821218
chr2:198288673-198299720	3845	3846	-0.107338728487
chr2:198288673-198299720	3851	3852	-0.107338728487
chr2:198288673-198299720	3865	3866	-0.107338728487
chr2:198288673-198299720	3868	3870	-0.161008092731
chr2:198288673-198299720	3877	3878	-0.107338728487
chr2:198288673-198299720	3887	3888	-0.107338728487
chr2:198288673-198299720	3893	3894	-0.107338728487
chr2:198288673-198299720	3898	3924	-1.44907283458
chr2:198288673-198299720	3926	3976	-2.73713757642
chr2:198288673-198299720	3979	3984	-0.322016185461
chr2:198288673-198299720	3986	3991	-0.322016185461
chr2:198288673-198299720	3993	3999	-0.375685549705
chr2:198288673-198299720	4001	4015	-0.805040463653
chr2:198288673-198299720	4017	4253	-12.7196393257
chr2:198288673-198299720	4255	4267	-0.697701735166
chr2:198288673-198299720	4269	4270	-0.107338728487
chr2:198288673-198299720	4272	4275	-0.214677456974
chr2:198288673-198299720	4277	4278	-0.107338728487
chr2:198288673-198299720	4289	4293	-0.268346821218
chr2:198288673-198299720	4295	4296	-0.107338728487
chr2:198288673-198299720	4298	4299	-0.107338728487
chr2:198288673-198299720	4301	4302	-0.107338728487
chr2:198288673-198299720	4304	4307	-0.214677456974
chr2:198288673-198299720	4309	4555	-13.2563329682
chr2:198288673-198299720	4557	4719	-8.7481063717
chr2:198288673-198299720	4721	4746	-1.39540347033
chr2:198288673-198299720	4748	4755	-0.429354913948
chr2:198288673-198299720	4757	4763	-0.375685549705
chr2:198288673-198299720	4765	4817	-2.84447630491
chr2:198288673-198299720	4824	4837	-0.751371099409
chr2:198288673-198299720	4839	4841	-0.161008092731
chr2:198288673-198299720	4844	4845	-0.107338728487
chr2:198288673-198299720	4847	4852	-0.322016185461
chr2:198288673-198299720	4856	4860	-0.268346821218
chr2:198288673-198299720	4863	4866	-0.214677456974
chr2:198288673-198299720	4868	4891	-1.28806474184
chr2:198288673-198299720	4893	4903	-0.590363006679
chr2:198288673-198299720	4905	4938	-1.82475838428
chr2:198288673-198299720	4940	4942	-0.161008092731
chr2:198288673-198299720	4946	4947	-0.107338728487
chr2:198288673-198299720	4949	4954	-0.322016185461
chr2:198288673-198299720	4956	4978	-1.2343953776
chr2:198288673-198299720	4980	4987	-0.429354913948
chr2:198288673-198299720	4989	4992	-0.214677456974
chr2:198288673-198299720	4996	5549	-29.7328277909
chr2:198288673-198299720	5551	5555	-0.268346821218
chr2:198288673-198299720	5559	5563	-0.268346821218
chr2:198288673-198299720	5567	5586	-1.07338728487
chr2:198288673-198299720	5588	5597	-0.536693642435
chr2:198288673-198299720	5599	5605	-0.375685549705
chr2:198288673-198299720	5607	5609	-0.161008092731
chr2:198288673-198299720	5619	5621	-0.161008092731
chr2:198288673-198299720	5633	5634	-0.107338728487
chr2:198288673-198299720	5638	5639	-0.107338728487
chr2:198288673-198299720	5647	5648	-0.107338728487
chr2:198288673-198299720	5650	5653	-0.214677456974
chr2:198288673-198299720	5657	5659	-0.161008092731
chr2:198288673-198299720	5661	5667	-0.375685549705
chr2:198288673-198299720	5669	5702	-1.82475838428
chr2:198288673-198299720	5708	5710	-0.161008092731
chr2:198288673-198299720	5713	5719	-0.375685549705
chr2:198288673-198299720	5721	5726	-0.322016185461
chr2:198288673-198299720	5728	5733	-0.322016185461
chr2:198288673-198299720	5735	5789	-2.95181503339
chr2:198288673-198299720	5793	5795	-0.161008092731
chr2:198288673-198299720	5797	5800	-0.214677456974
chr2:198288673-198299720	5802	5804	-0.161008092731
chr2:198288673-198299720	5806	5850	-2.41512139096
chr2:198288673-198299720	5854	6556	-37.7295630632
chr2:198288673-198299720	6559	6560	-0.107338728487
chr2:198288673-198299720	6562	6564	-0.161008092731
chr2:198288673-198299720	6566	6571	-0.322016185461
chr2:198288673-198299720	6573	6608	-1.93209711277
chr2:198288673-198299720	6610	6639	-1.61008092731
chr2:198288673-198299720	6641	6666	-1.39540347033
chr2:198288673-198299720	6669	6671	-0.161008092731
chr2:198288673-198299720	6673	6746	-3.97153295402
chr2:198288673-198299720	6750	6758	-0.483024278192
chr2:198288673-198299720	6760	6800	-2.20044393398
chr2:198288673-198299720	6802	7137	-18.0329063858
chr2:198288673-198299720	7139	7144	-0.322016185461
chr2:198288673-198299720	7146	7151	-0.322016185461
chr2:198288673-198299720	7153	7162	-0.536693642435
chr2:198288673-198299720	7164	7172	-0.483024278192
chr2:198288673-198299720	7174	7223	-2.68346821218
chr2:198288673-198299720	7230	7236	-0.375685549705
chr2:198288673-198299720	7241	7259	-1.01971792063
chr2:198288673-198299720	7261	7342	-4.40088786797
chr2:198288673-198299720	7344	7355	-0.644032370922
chr2:198288673-198299720	7357	7360	-0.214677456974
chr2:198288673-198299720	7364	7419	-3.00548439764
chr2:198288673-198299720	7421	7727	-16.4764948228
chr2:198288673-198299720	7729	8110	-20.501697141
chr2:198288673-198299720	8112	8643	-28.5521017776
chr2:198288673-198299720	8648	8649	-0.107338728487
chr2:198288673-198299720	8657	8658	-0.107338728487
chr2:198288673-198299720	8660	8662	-0.161008092731
chr2:198288673-198299720	8666	8669	-0.214677456974
chr2:198288673-198299720	8677	8679	-0.161008092731
chr2:198288673-198299720	8682	8684	-0.161008092731
chr2:198288673-198299720	8686	8693	-0.429354913948
chr2:198288673-198299720	8704	8718	-0.805040463653
NM_001005526	1	14	-18.0055571867
NM_001005526	17	20	-5.14444491047
NM_001005526	24	33	-12.8611122762
NM_001005526	54	56	-3.85833368286
NM_001005526	64	67	-5.14444491047
NM_001005526	69	71	-3.85833368286
NM_001005526	76	78	-3.85833368286
NM_001005526	80	84	-6.43055613809
NM_001005526	87	89	-3.85833368286
NM_001005526	91	92	-2.57222245524
NM_001005526	102	103	-2.57222245524
NM_001005526	150	156	-9.00277859333
NM_001005526	158	159	-2.57222245524
NM_001005526	168	170	-3.85833368286
NM_001005526	179	180	-2.57222245524
NM_001005526	186	187	-2.57222245524
NM_001005526	206	209	-5.14444491047
NM_001005526	212	213	-2.57222245524
NM_001005526	220	223	-5.14444491047
NM_001005526	231	234	-5.14444491047
NM_001005526	239	240	-2.57222245524
NM_001005526	243	244	-2.57222245524
NM_001005526	249	251	-3.85833368286
NM_001005526	256	258	-3.85833368286
NM_001005526	280	281	-2.57222245524
NM_001005526	287	288	-2.57222245524
NM_001005526	297	298	-2.57222245524
NM_001005526	300	302	-3.85833368286
NM_001005526	364	366	-3.85833368286
NM_001005526	375	376	-2.57222245524
NM_001005526	378	379	-2.57222245524
NM_001005526	411	413	-3.85833368286
NM_001005526	422	444	-29.5805582352
NM_001005526	446	457	-15.4333347314
NM_001005526	467	469	-3.85833368286
NM_001005526	471	477	-9.00277859333
NM_001005526	485	486	-2.57222245524
NM_001005526	490	493	-5.14444491047
NM_001005526	507	508	-2.57222245524
NM_001005526	515	517	-3.85833368286
NM_001005526	524	525	-2.57222245524
NM_001005526	534	537	-5.14444491047
NM_001005526	541	542	-2.57222245524
NM_001005526	546	549	-5.14444491047
NM_001005526	555	560	-7.71666736571
NM_001005526	563	567	-6.43055613809
NM_012433	1	14	-32.352478464
NM_012433	17	20	-9.24356527542
NM_012433	24	33	-23.1089131885
NM_012433	54	56	-6.93267395656
NM_012433	64	67	-9.24356527542
NM_012433	69	71	-6.93267395656
NM_012433	76	78	-6.93267395656
NM_012433	80	84	-11.5544565943
NM_012433	87	89	-6.93267395656
NM_012433	91	92	-4.62178263771
NM_012433	102	103	-4.62178263771
NM_012433	150	156	-16.176239232
NM_012433	158	159	-4.62178263771
NM_012433	168	170	-6.93267395656
NM_012433	179	180	-4.62178263771
NM_012433	186	187	-4.62178263771
NM_012433	206	209	-9.24356527542
NM_012433	212	213	-4.62178263771
NM_012433	220	223	-9.24356527542
NM_012433	231	234	-9.24356527542
NM_012433	239	240	-4.62178263771
NM_012433	243	244	-4.62178263771
NM_012433	249	251	-6.93267395656
NM_012433	256	258	-6.93267395656
NM_012433	280	281	-4.62178263771
NM_012433	287	288	-4.62178263771
NM_012433	297	298	-4.62178263771
NM_012433	300	302	-6.93267395656
NM_012433	364	366	-6.93267395656
NM_012433	375	376	-4.62178263771
NM_012433	378	379	-4.62178263771
NM_012433	411	413	-6.93267395656
NM_012433	429	430	-4.62178263771
NM_012433	432	436	-11.5544565943
NM_012433	438	440	-6.93267395656
NM_012433	450	451	-4.62178263771
NM_012433	455	457	-6.93267395656
NM_012433	479	480	-4.62178263771
NM_012433	509	510	-4.62178263771
NM_012433	512	513	-4.62178263771
NM_012433	518	519	-4.62178263771
NM_012433	521	522	-4.62178263771
NM_012433	524	527	-9.24356527542
NM_012433	531	532	-4.62178263771
NM_012433	541	543	-6.93267395656
NM_012433	578	579	-4.62178263771
NM_012433	602	603	-4.62178263771
NM_012433	613	614	-4.62178263771
NM_012433	631	633	-6.93267395656
NM_012433	637	638	-4.62178263771
NM_012433	642	643	-4.62178263771
NM_012433	655	656	-4.62178263771
NM_012433	679	683	-11.5544565943
NM_012433	689	690	-4.62178263771
NM_012433	696	697	-4.62178263771
NM_012433	700	701	-4.62178263771
NM_012433	714	715	-4.62178263771
NM_012433	737	741	-11.5544565943
NM_012433	749	751	-6.93267395656
NM_012433	777	778	-4.62178263771
NM_012433	789	790	-4.62178263771
NM_012433	795	797	-6.93267395656
NM_012433	803	804	-4.62178263771
NM_012433	815	817	-6.93267395656
NM_012433	832	833	-4.62178263771
NM_012433	839	841	-6.93267395656
NM_012433	879	883	-11.5544565943
NM_012433	886	887	-4.62178263771
NM_012433	895	896	-4.62178263771
NM_012433	916	918	-6.93267395656
NM_012433	945	947	-6.93267395656
NM_012433	962	963	-4.62178263771
NM_012433	968	969	-4.62178263771
NM_012433	990	992	-6.93267395656
NM_012433	995	996	-4.62178263771
NM_012433	1016	1018	-6.93267395656
NM_012433	1041	1043	-6.93267395656
NM_012433	1067	1068	-4.62178263771
NM_012433	1101	1103	-6.93267395656
NM_012433	1143	1145	-6.93267395656
NM_012433	1151	1153	-6.93267395656
NM_012433	1175	1176	-4.62178263771
NM_012433	1193	1194	-4.62178263771
NM_012433	1214	1216	-6.93267395656
NM_012433	1220	1224	-11.5544565943
NM_012433	1249	1251	-6.93267395656
NM_012433	1255	1256	-4.62178263771
NM_012433	1270	1271	-4.62178263771
NM_012433	1279	1280	-4.62178263771
NM_012433	1295	1296	-4.62178263771
NM_012433	1308	1310	-6.93267395656
NM_012433	1321	1323	-6.93267395656
NM_012433	1354	1356	-6.93267395656
NM_012433	1360	1361	-4.62178263771
NM_012433	1379	1380	-4.62178263771
NM_012433	1382	1384	-6.93267395656
NM_012433	1389	1391	-6.93267395656
NM_012433	1393	1395	-6.93267395656
NM_012433	1410	1411	-4.62178263771
NM_012433	1420	1421	-4.62178263771
NM_012433	1426	1427	-4.62178263771
NM_012433	1429	1430	-4.62178263771
NM_012433	1441	1442	-4.62178263771
NM_012433	1448	1455	-18.4871305508
NM_012433	1458	1459	-4.62178263771
NM_012433	1474	1475	-4.62178263771
NM_012433	1492	1493	-4.62178263771
NM_012433	1504	1506	-6.93267395656
NM_012433	1529	1530	-4.62178263771
NM_012433	1532	1533	-4.62178263771
NM_012433	1555	1560	-13.8653479131
NM_012433	1575	1577	-6.93267395656
NM_012433	1594	1597	-9.24356527542
NM_012433	1604	1606	-6.93267395656
NM_012433	1620	1622	-6.93267395656
NM_012433	1626	1628	-6.93267395656
NM_012433	1635	1636	-4.62178263771
NM_012433	1649	1650	-4.62178263771
NM_012433	1658	1660	-6.93267395656
NM_012433	1681	1684	-9.24356527542
NM_012433	1708	1710	-6.93267395656
NM_012433	1719	1720	-4.62178263771
NM_012433	1727	1728	-4.62178263771
NM_012433	1767	1768	-4.62178263771
NM_012433	1777	1778	-4.62178263771
NM_012433	1787	1790	-9.24356527542
NM_012433	1792	1793	-4.62178263771
NM_012433	1795	1797	-6.93267395656
NM_012433	1822	1824	-6.93267395656
NM_012433	1848	1850	-6.93267395656
NM_012433	1884	1887	-9.24356527542
NM_012433	1889	1890	-4.62178263771
NM_012433	1897	1898	-4.62178263771
NM_012433	1923	1925	-6.93267395656
NM_012433	1938	1940	-6.93267395656
NM_012433	1942	1943	-4.62178263771
NM_012433	1950	1952	-6.93267395656
NM_012433	1954	1955	-4.62178263771
NM_012433	1967	1968	-4.62178263771
NM_012433	1994	1995	-4.62178263771
NM_012433	2048	2049	-4.62178263771
NM_012433	2051	2052	-4.62178263771
NM_012433	2054	2055	-4.62178263771
NM_012433	2059	2061	-6.93267395656
NM_012433	2066	2067	-4.62178263771
NM_012433	2108	2109	-4.62178263771
NM_012433	2125	2127	-6.93267395656
NM_012433	2137	2138	-4.62178263771
NM_012433	2156	2159	-9.24356527542
NM_012433	2161	2163	-6.93267395656
NM_012433	2167	2169	-6.93267395656
NM_012433	2179	2180	-4.62178263771
NM_012433	2199	2200	-4.62178263771
NM_012433	2202	2203	-4.62178263771
NM_012433	2232	2233	-4.62178263771
NM_012433	2247	2249	-6.93267395656
NM_012433	2269	2270	-4.62178263771
NM_012433	2301	2302	-4.62178263771
NM_012433	2306	2307	-4.62178263771
NM_012433	2309	2311	-6.93267395656
NM_012433	2321	2322	-4.62178263771
NM_012433	2341	2343	-6.93267395656
NM_012433	2355	2356	-4.62178263771
NM_012433	2362	2363	-4.62178263771
NM_012433	2380	2381	-4.62178263771
NM_012433	2414	2418	-11.5544565943
NM_012433	2426	2427	-4.62178263771
NM_012433	2439	2441	-6.93267395656
NM_012433	2443	2445	-6.93267395656
NM_012433	2450	2451	-4.62178263771
NM_012433	2497	2498	-4.62178263771
NM_012433	2507	2508	-4.62178263771
NM_012433	2525	2526	-4.62178263771
NM_012433	2545	2546	-4.62178263771
NM_012433	2568	2569	-4.62178263771
NM_012433	2615	2616	-4.62178263771
NM_012433	2626	2627	-4.62178263771
NM_012433	2646	2647	-4.62178263771
NM_012433	2684	2685	-4.62178263771
NM_012433	2687	2690	-9.24356527542
NM_012433	2695	2696	-4.62178263771
NM_012433	2751	2752	-4.62178263771
NM_012433	2774	2775	-4.62178263771
NM_012433	2785	2786	-4.62178263771
NM_012433	2794	2795	-4.62178263771
NM_012433	2805	2806	-4.62178263771
NM_012433	2812	2813	-4.62178263771
NM_012433	2817	2819	-6.93267395656
NM_012433	2856	2857	-4.62178263771
NM_012433	2861	2862	-4.62178263771
NM_012433	2865	2866	-4.62178263771
NM_012433	2869	2871	-6.93267395656
NM_012433	2885	2886	-4.62178263771
NM_012433	2947	2948	-4.62178263771
NM_012433	2952	2953	-4.62178263771
NM_012433	2955	2956	-4.62178263771
NM_012433	2964	2965	-4.62178263771
NM_012433	2977	2980	-9.24356527542
NM_012433	3014	3015	-4.62178263771
NM_012433	3035	3036	-4.62178263771
NM_012433	3038	3039	-4.62178263771
NM_012433	3044	3045	-4.62178263771
NM_012433	3058	3059	-4.62178263771
NM_012433	3063	3064	-4.62178263771
NM_012433	3069	3070	-4.62178263771
NM_012433	3098	3099	-4.62178263771
NM_012433	3103	3104	-4.62178263771
NM_012433	3107	3108	-4.62178263771
NM_012433	3124	3125	-4.62178263771
NM_012433	3141	3142	-4.62178263771
NM_012433	3145	3146	-4.62178263771
NM_012433	3150	3152	-6.93267395656
NM_012433	3172	3174	-6.93267395656
NM_012433	3196	3197	-4.62178263771
NM_012433	3225	3227	-6.93267395656
NM_012433	3231	3232	-4.62178263771
NM_012433	3251	3253	-6.93267395656
NM_012433	3271	3273	-6.93267395656
NM_012433	3286	3287	-4.62178263771
NM_012433	3304	3305	-4.62178263771
NM_012433	3323	3325	-6.93267395656
NM_012433	3343	3344	-4.62178263771
NM_012433	3346	3348	-6.93267395656
NM_012433	3352	3354	-6.93267395656
NM_012433	3426	3428	-6.93267395656
NM_012433	3446	3447	-4.62178263771
NM_012433	3451	3452	-4.62178263771
NM_012433	3461	3462	-4.62178263771
NM_012433	3467	3468	-4.62178263771
NM_012433	3486	3487	-4.62178263771
NM_012433	3508	3509	-4.62178263771
NM_012433	3515	3516	-4.62178263771
NM_012433	3518	3519	-4.62178263771
NM_012433	3528	3529	-4.62178263771
NM_012433	3568	3570	-6.93267395656
NM_012433	3573	3574	-4.62178263771
NM_012433	3595	3596	-4.62178263771
NM_012433	3622	3623	-4.62178263771
NM_012433	3642	3643	-4.62178263771
NM_012433	3645	3646	-4.62178263771
NM_012433	3663	3665	-6.93267395656
NM_012433	3689	3690	-4.62178263771
NM_012433	3714	3715	-4.62178263771
NM_012433	3732	3733	-4.62178263771
NM_012433	3737	3738	-4.62178263771
NM_012433	3745	3746	-4.62178263771
NM_012433	3760	3761	-4.62178263771
NM_012433	3790	3793	-9.24356527542
NM_012433	3807	3809	-6.93267395656
NM_012433	3813	3815	-6.93267395656
NM_012433	3819	3821	-6.93267395656
NM_012433	3843	3844	-4.62178263771
NM_012433	3848	3849	-4.62178263771
NM_012433	3891	3893	-6.93267395656
NM_012433	3903	3908	-13.8653479131
NM_012433	3910	3911	-4.62178263771
NM_012433	3916	3919	-9.24356527542
NM_012433	3926	3928	-6.93267395656
NM_012433	3931	3933	-6.93267395656
NM_012433	3936	3937	-4.62178263771
NM_012433	3956	3960	-11.5544565943
NM_012433	3968	3969	-4.62178263771
NM_012433	3973	3974	-4.62178263771
NM_012433	3983	3987	-11.5544565943
NM_012433	4004	4005	-4.62178263771
NM_012433	4007	4011	-11.5544565943
NM_012433	4013	4015	-6.93267395656
NM_012433	4020	4022	-6.93267395656
NM_012433	4044	4045	-4.62178263771
NM_012433	4051	4052	-4.62178263771
NM_012433	4072	4073	-4.62178263771
NM_012433	4079	4081	-6.93267395656
NM_012433	4118	4119	-4.62178263771
NM_012433	4126	4128	-6.93267395656
NM_012433	4145	4156	-27.7306958263
NM_012433	4158	4161	-9.24356527542
NM_012433	4163	4164	-4.62178263771
NM_012433	4166	4169	-9.24356527542
NM_012433	4178	4182	-11.5544565943
NM_012433	4184	4193	-23.1089131885
NM_012433	4202	4211	-23.1089131885
NM_012433	4213	4214	-4.62178263771
NM_012433	4218	4220	-6.93267395656
NM_012433	4224	4225	-4.62178263771
NM_012433	4227	4228	-4.62178263771
NM_012433	4230	4238	-20.7980218697
